74570	23 Aug 22	01:24:24	1	0	85	0	Ct	0	1	0	1	0	1	0	3	0	0	0	0	0	1	0	0	0	0	0	1	0	0	0	0	0	0	0	1	0	2	0	0	0	0
74571	23 Aug 22	01:24:57	1	0	85	0	Ct	0	1	0	1	0	0	0	0	1	1	0	0	0	2	0	0	4	0	0	0	0	1	0	0	0	0	0	2	0	0	0	0	1	0
74572	23 Aug 22	01:25:42	1	0	85	0	Ct	0	1	0	1	0	3	0	0	1	0	0	1	0	1	0	0	0	2	0	0	0	1	0	1	0	1	0	1	0	2	0	0	3	0
74573	23 Aug 22	01:26:39	1	0	85	0	Ct	0	1	1	3	0	6	0	0	0	1	0	1	1	1	0	0	1	2	0	0	0	0	0	13	0	0	0	2	0	2	0	3	0	0
74574	23 Aug 22	01:27:35	1	0	85	0	Ct	0	1	2	2	0	1	0	0	2	0	0	0	0	0	0	0	1	1	0	1	0	0	0	0	0	2	0	1	0	3	0	0	0	0
74575	23 Aug 22	01:28:29	1	0	85	0	Ct	0	1	0	2	0	1	0	0	2	0	0	1	0	1	0	0	0	1	0	0	0	0	0	0	0	0	0	1	0	1	0	1	0	0
74576	23 Aug 22	01:29:19	1	0	85	0	Ct	0	1	0	0	0	0	0	0	1	0	0	0	0	2	0	0	0	0	0	0	0	1	0	0	0	0	0	1	0	0	0	11	2	0
74577	23 Aug 22	01:30:13	1	0	85	0	Ct	0	1	0	0	0	0	0	0	0	0	0	1	0	1	0	0	6	0	0	0	0	2	0	0	0	0	0	3	0	1	0	0	0	0
74578	23 Aug 22	01:31:08	1	0	85	0	Ct	0	1	0	1	0	0	0	0	1	0	0	0	0	0	0	0	0	0	0	0	0	0	0	2	0	0	0	2	0	0	0	0	0	0
74579	23 Aug 22	01:32:04	1	0	85	0	Ct	0	1	0	1	0	0	0	0	1	0	0	0	0	0	16	0	0	0	0	0	0	0	0	0	0	0	0	3	0	2	0	0	0	0
74580	23 Aug 22	01:32:58	1	0	85	0	Ct	0	1	0	0	0	0	0	0	0	0	0	0	0	0	0	0	0	0	0	0	0	0	0	0	0	0	0	2	0	0	0	0	0	0
74581	23 Aug 22	01:33:54	1	0	85	0	Ct	0	1	0	0	0	0	0	0	1	0	0	0	0	0	0	0	0	0	0	0	0	1	0	0	0	0	0	3	0	0	0	0	0	0
74582	23 Aug 22	01:34:50	1	0	85	0	Ct	0	1	2	1	0	0	0	0	0	0	0	0	1	0	0	0	0	0	0	0	0	0	0	0	0	0	0	1	0	0	0	0	0	0
74583	23 Aug 22	01:35:45	1	0	85	0	Ct	0	1	15	0	0	0	0	0	2	0	0	0	1	0	0	0	0	0	0	0	0	0	0	0	0	0	0	0	0	0	0	0	0	0
74584	23 Aug 22	01:36:41	1	0	85	0	Ct	0	1	0	0	0	0	0	0	0	0	0	0	0	1	0	0	0	0	0	0	0	0	0	3	0	0	0	2	0	0	0	0	0	0
74585	23 Aug 22	01:37:35	1	0	85	0	Ct	0	1	0	0	0	0	0	0	0	0	0	0	0	1	0	0	0	0	0	0	0	0	0	0	0	0	0	1	0	0	0	0	0	0
74586	23 Aug 22	01:38:31	1	0	85	0	Ct	0	1	0	0	0	0	0	0	1	0	0	0	0	0	0	0	0	0	0	0	0	0	0	0	0	0	0	1	0	0	0	0	0	0
74587	23 Aug 22	01:39:23	1	0	85	0	Ct	0	1	0	0	0	0	0	0	2	0	0	0	0	0	0	0	0	0	0	0	0	0	0	0	0	0	0	0	0	0	0	0	0	0
74588	23 Aug 22	01:40:17	1	0	85	0	Ct	0	1	0	0	0	0	0	0	1	0	0	0	0	2	0	0	0	0	0	0	0	0	0	0	0	0	0	0	0	0	0	0	0	0
74589	23 Aug 22	01:41:11	1	0	85	0	Ct	0	1	0	0	0	0	0	0	0	0	0	0	0	0	0	0	0	0	0	0	0	0	0	0	0	0	0	0	0	0	0	0	0	0
74590	23 Aug 22	01:42:05	1	0	85	0	Ct	0	1	0	0	0	0	0	0	0	0	0	0	0	0	0	0	0	0	0	0	0	0	0	0	0	0	0	0	0	0	0	0	0	0
74591	23 Aug 22	01:43:02	1	0	85	0	Ct	0	1	0	0	0	0	0	0	2	0	0	0	0	0	0	0	0	0	0	0	0	0	0	0	0	0	0	0	0	0	0	0	0	0
74592	23 Aug 22	01:43:58	1	0	85	0	Ct	0	1	0	0	0	0	0	0	0	0	0	0	0	0	0	0	0	0	0	0	0	0	0	0	0	0	0	0	0	0	0	0	0	0
74593	23 Aug 22	01:44:56	1	0	85	0	Ct	0	1	0	0	0	0	0	0	0	0	0	0	0	0	0	0	0	0	0	0	0	2	0	0	0	0	0	0	0	0	0	0	0	0
74594	23 Aug 22	01:45:52	1	0	85	0	Ct	0	1	0	0	0	0	0	0	0	0	0	0	0	1	0	0	0	1	0	0	0	0	0	0	0	13	0	0	0	0	0	1	0	0
74595	23 Aug 22	01:46:47	1	0	85	0	Ct	0	1	0	0	0	0	0	0	0	0	0	0	0	1	0	0	0	1	0	0	0	0	0	0	0	5	0	0	0	0	0	1	0	0
74596	23 Aug 22	01:47:43	1	0	85	0	Ct	0	1	0	0	0	2	0	0	0	0	0	0	3	0	0	0	0	0	0	0	0	0	0	0	0	0	0	0	0	0	0	0	0	0
74597	23 Aug 22	01:48:36	1	0	85	0	Ct	0	1	0	0	0	0	0	0	0	0	0	0	0	2	0	0	0	0	0	0	0	0	0	0	0	0	0	1	0	0	0	0	0	0
74598	23 Aug 22	01:49:29	1	0	85	0	Ct	0	1	0	0	0	0	0	0	0	0	0	0	0	0	0	0	0	0	0	0	0	0	0	0	0	0	0	0	0	0	0	0	0	0
74599	23 Aug 22	01:50:24	1	0	85	0	Ct	0	1	0	0	0	0	0	0	0	0	0	0	0	0	0	0	0	0	0	0	0	0	0	0	0	0	0	4	0	0	0	0	0	0
74600	23 Aug 22	01:51:19	1	0	85	0	Ct	0	1	1	0	0	1	0	0	1	0	0	0	0	0	0	0	0	0	0	0	0	0	0	0	0	0	0	14	0	0	0	0	0	0
74601	23 Aug 22	01:52:14	1	0	85	0	Ct	0	1	0	0	0	1	0	0	0	0	0	1	2	0	0	0	0	0	0	0	0	0	0	0	0	0	0	1	0	0	0	0	0	0
74602	23 Aug 22	01:53:09	1	0	85	0	Ct	0	1	0	0	0	1	0	0	0	0	0	0	3	0	0	0	0	0	0	0	0	0	0	0	0	8	0	3	0	0	0	0	0	0
74603	23 Aug 22	01:54:05	1	0	85	0	Ct	0	1	0	0	0	1	0	0	0	0	0	0	1	0	0	0	0	8	0	0	0	0	0	0	0	0	0	1	0	0	0	0	0	0
74604	23 Aug 22	01:55:01	1	0	85	0	Ct	0	1	0	0	0	0	0	0	0	0	0	0	2	0	0	0	0	0	0	0	0	0	0	0	0	0	0	0	0	0	0	0	0	0
74605	23 Aug 22	01:55:57	1	0	85	0	Ct	0	1	0	0	0	0	0	0	0	0	0	0	0	0	0	0	1	0	0	0	0	0	0	0	0	0	0	2	2	0	0	0	0	0
74606	23 Aug 22	01:56:52	1	0	85	0	Ct	0	1	0	0	0	2	0	0	0	0	0	5	2	0	0	0	2	0	0	0	0	0	0	0	0	0	0	1	0	0	0	0	0	0
74607	23 Aug 22	01:57:48	1	0	85	0	Ct	0	1	0	0	0	0	0	0	0	0	1	2	1	0	0	0	1	0	0	0	0	0	0	0	0	0	0	1	4	0	0	0	0	0
74608	23 Aug 22	01:58:45	1	0	85	0	Ct	0	1	7	0	0	2	0	0	0	0	0	0	1	0	0	0	0	0	0	0	0	0	0	0	0	0	0	1	0	0	0	0	0	0
74609	23 Aug 22	01:59:40	1	0	85	0	Ct	0	1	1	0	0	0	0	0	1	0	0	1	3	0	0	0	0	0	0	0	0	0	0	0	0	0	0	2	0	0	0	0	0	0
74610	23 Aug 22	02:00:31	1	0	85	0	Ct	0	1	21	0	0	1	0	0	0	0	0	0	1	1	0	0	0	0	0	0	0	0	0	0	0	0	0	0	0	0	0	0	0	0
74611	23 Aug 22	02:01:25	1	0	85	0	Ct	0	1	20	0	0	1	0	0	0	0	0	0	2	1	0	1	0	0	0	0	0	0	0	0	0	0	0	2	0	0	0	0	0	0
74612	23 Aug 22	02:02:21	1	0	85	0	Ct	0	1	0	0	0	0	0	0	0	0	0	0	1	0	0	0	0	0	0	0	0	0	0	0	0	0	0	1	0	0	0	0	0	0
74613	23 Aug 22	02:03:15	1	0	85	0	Ct	0	1	0	0	0	0	0	0	0	0	0	0	3	3	0	0	0	0	0	0	0	0	0	0	0	0	0	2	0	0	0	2	0	0
74614	23 Aug 22	02:04:10	1	0	85	0	Ct	0	1	1	0	0	0	0	0	0	0	1	0	2	0	0	1	0	0	0	0	0	0	0	0	0	0	0	3	0	0	0	5	0	0
74615	23 Aug 22	02:05:05	1	0	85	0	Ct	0	1	0	0	0	3	0	0	0	0	0	0	1	0	0	0	0	0	0	0	0	0	0	0	0	0	0	4	0	0	0	17	0	0
74616	23 Aug 22	02:06:00	1	0	85	0	Ct	0	1	4	0	0	1	0	0	0	0	0	0	1	0	0	0	0	0	0	0	0	0	0	0	0	1	0	2	0	0	0	1	0	0
74617	23 Aug 22	02:06:55	1	0	85	0	Ct	0	1	3	0	0	2	0	0	0	6	0	0	2	0	0	0	0	0	0	0	0	0	0	0	0	1	0	1	0	0	0	31	0	0
74618	23 Aug 22	02:07:50	1	0	85	0	Ct	0	1	6	0	0	1	0	0	0	0	0	0	2	0	0	0	0	0	0	0	0	1	0	0	0	0	0	0	0	0	0	3	0	0
74619	23 Aug 22	02:08:44	1	0	85	0	Ct	0	1	7	0	0	2	0	0	0	0	0	0	1	0	0	0	0	0	0	0	0	23	0	12	0	0	0	0	0	0	0	1	0	0
74620	23 Aug 22	02:09:41	1	0	85	0	Ct	0	1	6	0	0	0	0	0	0	0	0	0	2	1	0	0	1	0	0	0	0	34	0	0	0	0	0	1	0	1	0	0	0	0
74621	23 Aug 22	02:10:34	1	0	85	0	Ct	0	1	0	0	0	4	0	0	0	0	0	1	3	1	0	0	0	0	0	0	0	5	0	0	0	3	0	1	0	0	0	0	0	0
74622	23 Aug 22	02:11:30	1	0	85	0	Ct	0	1	3	0	0	1	0	0	0	0	0	1	1	1	0	0	1	1	0	0	0	1	0	0	0	9	0	2	0	2	0	0	0	0
74623	23 Aug 22	02:12:21	1	0	85	0	Ct	0	1	2	0	0	2	0	0	0	0	0	0	2	2	0	0	0	6	0	0	0	1	0	0	0	0	0	0	0	0	0	0	0	0
74624	23 Aug 22	02:13:16	1	0	85	0	Ct	0	1	0	0	0	0	0	0	0	0	0	0	1	0	0	0	0	7	0	0	0	0	0	0	0	3	0	0	0	1	0	0	1	0
74625	23 Aug 22	02:14:12	1	0	85	0	Ct	0	1	0	0	0	1	0	0	0	0	2	1	1	0	0	0	2	0	0	0	0	0	0	0	0	0	0	1	0	2	0	0	0	0
74626	23 Aug 22	02:15:05	1	0	85	0	Ct	0	1	1	0	0	1	0	0	0	0	0	0	1	0	0	0	1	0	0	0	0	0	0	0	0	0	0	3	0	0	0	0	0	0
74627	23 Aug 22	02:16:00	1	0	85	0	Ct	0	1	11	0	0	0	0	0	0	0	0	0	0	0	2	0	1	0	0	0	0	2	0	0	0	0	0	2	0	2	0	0	0	0
74628	23 Aug 22	02:16:53	1	0	85	0	Ct	0	1	8	0	0	2	0	0	0	0	0	1	2	0	2	0	1	4	0	0	0	0	0	0	0	0	0	2	0	1	0	0	0	0
74629	23 Aug 22	02:17:49	1	0	85	0	Ct	0	1	0	0	0	1	0	0	0	0	0	1	1	2	5	0	0	4	0	0	0	0	0	0	0	0	0	0	0	3	0	0	1	0
74630	23 Aug 22	02:18:44	1	0	85	0	Ct	0	1	0	0	0	2	0	0	1	0	1	0	0	3	1	0	0	1	0	0	0	0	0	0	0	0	0	0	0	1	0	0	0	0
74631	23 Aug 22	02:19:38	1	0	85	0	Ct	0	1	0	0	0	2	0	0	1	0	0	2	0	2	5	0	0	5	0	0	0	0	0	0	0	0	0	0	0	0	0	0	0	0
74632	23 Aug 22	02:20:33	1	0	85	0	Ct	0	1	0	0	0	2	0	0	1	0	0	0	1	1	1	0	0	3	0	0	0	1	0	0	0	0	0	0	0	0	0	0	1	0
74633	23 Aug 22	02:21:29	1	0	85	0	Ct	0	1	0	0	0	3	0	0	2	0	0	0	1	0	6	0	0	0	0	0	0	0	0	0	0	0	0	0	0	0	0	0	0	0
74634	23 Aug 22	02:22:25	1	0	85	0	Ct	0	1	0	0	0	0	0	0	2	0	0	0	1	0	19	0	0	0	0	0	0	0	0	0	0	0	0	1	0	0	0	0	0	0
74635	23 Aug 22	02:23:21	1	0	85	0	Ct	0	1	0	0	0	0	0	1	1	0	0	0	2	2	0	0	0	0	0	14	0	0	0	0	0	0	0	2	0	1	0	0	1	0
74636	23 Aug 22	02:24:17	1	0	85	0	Ct	0	1	1	0	0	4	0	0	2	0	0	0	1	0	0	0	0	0	0	0	0	0	0	0	0	0	0	1	2	0	0	0	0	0
74637	23 Aug 22	02:25:11	1	0	85	0	Ct	0	1	0	0	0	1	0	0	1	0	0	0	2	0	0	0	0	0	0	0	0	0	0	0	0	0	0	0	0	1	0	1	0	0
74638	23 Aug 22	02:26:06	1	0	85	0	Ct	0	1	1	0	0	0	0	0	0	0	0	0	1	0	0	0	0	0	0	0	0	1	0	0	0	0	0	1	0	0	0	4	0	0
74639	23 Aug 22	02:27:02	1	0	85	0	Ct	0	1	14	0	0	0	0	0	2	0	0	0	1	1	0	0	0	0	0	15	0	0	0	0	0	0	0	1	0	0	0	0	0	0
74640	23 Aug 22	02:27:56	1	0	85	0	Ct	0	1	0	0	0	0	0	0	1	1	0	0	0	2	0	0	0	0	0	11	0	0	0	0	0	0	0	2	0	0	0	0	1	0
74641	23 Aug 22	02:28:52	1	0	85	0	Ct	0	1	0	0	0	0	0	0	5	0	0	0	0	3	0	0	0	0	0	6	0	2	0	2	0	1	0	0	0	1	0	2	1	0
74642	23 Aug 22	02:29:50	1	0	85	0	Ct	0	1	0	0	0	0	0	2	1	0	0	0	0	0	0	0	1	0	0	0	0	0	0	0	0	3	0	1	0	4	0	2	0	0
74643	23 Aug 22	02:30:46	1	0	85	0	Ct	0	1	0	0	0	0	0	1	1	0	0	0	0	0	0	0	1	0	0	0	0	2	0	7	0	0	0	2	5	1	0	13	2	0
74644	23 Aug 22	02:31:40	1	0	85	0	Ct	0	1	0	0	0	2	0	0	0	0	0	0	0	2	0	0	1	2	0	0	0	0	0	4	0	0	0	2	0	0	0	0	0	0
74645	23 Aug 22	02:32:33	1	0	85	0	Ct	0	1	0	0	0	0	0	0	1	0	2	0	0	2	0	0	0	3	0	2	0	1	0	13	0	4	0	3	0	0	0	0	1	0
74646	23 Aug 22	02:33:29	1	0	85	0	Ct	0	1	0	0	0	0	0	0	2	0	0	0	0	0	0	0	0	0	0	0	0	0	0	3	0	16	0	2	0	0	0	0	2	0
74647	23 Aug 22	02:34:23	1	0	85	0	Ct	0	1	0	0	0	0	0	0	1	0	0	0	0	1	0	0	4	2	0	1	0	0	0	0	0	0	0	2	0	0	0	0	1	0
74648	23 Aug 22	02:35:19	1	0	85	0	Ct	0	1	2	0	0	2	0	14	2	0	0	0	0	1	0	0	0	0	0	0	0	8	0	0	0	1	0	2	0	0	0	0	2	0
74649	23 Aug 22	02:36:14	1	0	85	0	Ct	0	1	0	0	0	0	0	0	1	0	0	0	0	0	0	0	0	1	0	0	0	0	0	0	0	0	0	2	0	0	0	0	1	0
74650	23 Aug 22	02:37:09	1	0	85	0	Ct	0	1	0	0	0	2	0	0	1	0	0	0	0	0	0	0	2	0	0	2	0	0	0	0	0	0	0	3	0	0	0	0	3	0
74651	23 Aug 22	02:38:05	1	0	85	0	Ct	0	1	0	0	0	2	0	0	1	0	0	0	1	0	0	0	0	1	0	1	0	0	0	0	0	1	0	3	0	0	0	0	2	0
74652	23 Aug 22	02:38:59	1	0	85	0	Ct	0	1	0	0	0	0	0	0	1	0	0	0	1	0	0	0	1	0	0	0	0	0	0	0	0	0	0	0	0	0	0	0	2	0
74653	23 Aug 22	02:39:53	1	0	85	0	Ct	0	1	0	0	0	2	0	0	0	0	0	0	2	0	0	0	0	1	0	1	0	0	0	0	0	1	0	2	0	0	0	0	1	0
74654	23 Aug 22	02:40:48	1	0	85	0	Ct	0	1	7	0	0	0	0	0	1	0	0	0	2	2	0	0	0	0	0	0	0	0	0	6	0	0	0	2	0	0	0	0	3	0
74655	23 Aug 22	02:41:41	1	0	85	0	Ct	0	1	0	0	0	4	0	0	0	0	0	0	2	0	0	0	0	0	0	0	0	0	0	0	0	0	0	0	0	0	0	1	2	0
74656	23 Aug 22	02:42:37	1	0	85	0	Ct	0	1	6	0	0	4	0	0	1	0	4	0	1	0	0	0	0	0	0	1	0	0	0	8	0	0	0	1	0	0	0	2	3	0
74657	23 Aug 22	02:43:31	1	0	85	0	Ct	0	1	0	0	0	2	0	1	0	0	0	0	2	0	0	0	4	0	0	2	0	0	0	14	0	0	0	2	0	0	0	0	3	0
74658	23 Aug 22	02:44:25	1	0	85	0	Ct	0	1	0	0	0	2	0	1	1	0	1	2	2	1	1	0	1	0	0	0	0	1	0	0	0	0	0	0	0	0	0	0	2	0
74659	23 Aug 22	02:45:20	1	0	85	0	Ct	0	1	2	0	0	0	0	0	2	0	0	1	0	1	0	0	2	0	0	1	0	1	0	0	0	0	0	0	0	0	0	0	0	0
74660	23 Aug 22	02:46:16	1	0	85	0	Ct	0	1	9	0	0	0	0	1	2	0	0	0	0	0	0	0	2	0	0	1	0	0	0	5	0	9	0	0	0	0	0	0	2	0
74661	23 Aug 22	02:47:12	1	0	85	0	Ct	0	1	0	0	0	0	0	0	0	0	0	0	0	0	0	0	2	1	0	1	0	0	0	10	0	2	0	0	3	0	0	0	1	0
74662	23 Aug 22	02:48:06	1	0	85	0	Ct	0	1	3	0	0	0	0	0	0	0	0	2	0	0	0	0	4	2	0	0	0	0	0	0	0	0	0	0	0	0	0	0	1	0
74663	23 Aug 22	02:49:00	1	0	85	0	Ct	0	1	0	0	0	0	0	0	0	0	0	0	0	0	0	0	2	1	0	0	0	0	0	5	0	0	0	0	0	0	0	0	0	0
74664	23 Aug 22	02:49:56	1	0	85	0	Ct	0	1	0	0	0	0	0	0	1	0	0	0	0	0	0	0	1	0	0	0	0	0	0	0	0	0	0	0	1	0	0	0	0	0
74665	23 Aug 22	02:50:52	1	0	85	0	Ct	0	1	0	0	0	6	0	0	2	0	0	0	0	0	0	0	2	11	0	9	0	0	0	0	0	0	0	0	0	0	0	0	2	0
74666	23 Aug 22	02:51:46	1	0	85	0	Ct	0	1	0	0	0	0	0	0	1	0	0	0	0	0	0	1	3	0	0	1	0	1	0	1	0	0	0	0	2	0	0	0	2	0
74667	23 Aug 22	02:52:39	1	0	85	0	Ct	0	1	0	0	0	0	0	0	1	2	0	1	0	1	0	3	3	2	0	0	0	1	0	13	0	3	0	0	0	0	0	1	2	0
74668	23 Aug 22	02:53:33	1	0	85	0	Ct	0	1	0	0	0	8	0	0	2	0	0	0	0	1	0	5	0	0	0	0	0	2	0	5	0	5	0	0	0	0	0	1	0	0
74669	23 Aug 22	02:54:28	1	0	85	0	Ct	0	1	0	0	0	2	0	0	3	0	0	0	0	0	0	0	1	4	0	1	0	0	0	1	0	0	0	0	2	0	0	14	0	0
74670	23 Aug 22	02:55:25	1	0	85	0	Ct	0	1	0	0	0	0	0	0	1	0	0	0	0	1	0	0	2	0	0	0	0	0	0	11	0	0	0	1	0	0	0	1	0	0
74671	23 Aug 22	02:56:20	1	0	85	0	Ct	0	1	0	0	0	0	0	0	2	0	0	1	0	1	0	0	1	0	0	0	0	3	0	18	0	0	0	0	0	0	0	2	0	0
74672	23 Aug 22	02:57:16	1	0	85	0	Ct	0	1	0	0	0	0	0	0	2	0	0	0	1	0	0	0	3	0	0	0	0	19	0	7	0	0	0	1	0	0	0	4	0	0
74673	23 Aug 22	02:58:10	1	0	85	0	Ct	0	1	0	0	0	0	0	0	2	0	0	0	1	0	0	0	1	0	0	0	0	33	0	0	0	0	0	2	0	0	0	10	0	0
74674	23 Aug 22	02:59:05	1	0	85	0	Ct	0	1	0	0	0	2	0	0	2	0	1	0	2	0	0	0	1	0	0	0	0	0	0	0	0	8	0	1	0	0	0	12	2	0
74675	23 Aug 22	02:59:59	1	0	85	0	Ct	0	1	0	0	0	2	0	0	1	0	0	0	2	0	0	0	3	0	0	0	0	0	0	0	0	0	0	2	0	0	0	0	1	0
74676	23 Aug 22	03:00:53	1	0	85	0	Ct	0	1	0	0	0	0	0	0	1	4	0	0	2	1	0	0	2	0	0	0	0	5	0	0	0	0	0	2	0	0	0	17	1	0
74677	23 Aug 22	03:01:47	1	0	85	0	Ct	0	1	2	0	0	0	0	0	1	3	3	0	1	0	0	0	1	0	0	0	0	3	0	6	0	0	0	0	1	0	0	0	2	0
74678	23 Aug 22	03:02:42	1	0	85	0	Ct	0	1	0	0	0	0	0	0	1	0	1	0	3	1	0	0	1	2	0	5	0	0	0	0	0	0	0	0	0	1	0	0	3	0
74679	23 Aug 22	03:03:38	1	0	85	0	Ct	0	1	0	0	0	0	0	0	3	0	1	0	1	0	4	0	3	10	0	0	0	0	0	0	0	0	0	0	0	0	0	15	0	0
74680	23 Aug 22	03:04:35	1	0	85	0	Ct	0	1	0	0	0	3	0	0	4	0	0	0	0	2	0	0	2	0	0	0	0	3	0	8	0	6	0	0	0	0	0	4	2	0
74681	23 Aug 22	03:05:31	1	0	85	0	Ct	0	1	0	0	0	0	0	0	2	0	0	0	0	1	0	0	2	0	0	0	0	0	0	0	0	5	0	0	0	1	0	4	2	0
74682	23 Aug 22	03:06:28	1	0	85	0	Ct	0	1	7	0	0	2	0	0	2	0	0	0	1	0	0	0	4	0	0	0	0	0	0	0	0	0	0	3	0	1	0	0	0	0
74683	23 Aug 22	03:07:24	1	0	85	0	Ct	0	1	1	0	0	1	0	0	1	5	0	0	6	1	0	0	0	0	0	2	0	0	0	0	0	1	0	2	0	1	0	0	0	0
74684	23 Aug 22	03:08:18	1	0	85	0	Ct	0	1	0	0	0	1	0	0	0	3	0	0	0	1	0	0	0	1	0	0	0	0	0	0	0	0	0	2	0	1	0	0	1	0
74685	23 Aug 22	03:09:12	1	0	85	0	Ct	0	1	0	0	0	2	0	0	0	0	0	2	0	1	0	0	0	0	0	0	0	0	0	6	0	0	0	2	2	1	0	0	2	0
74686	23 Aug 22	03:10:07	1	0	85	0	Ct	0	1	0	0	0	1	0	0	0	0	0	0	2	1	0	0	0	1	0	1	0	1	0	11	0	0	0	2	0	0	0	0	3	0
74687	23 Aug 22	03:11:02	1	0	85	0	Ct	0	1	0	0	0	0	0	0	0	0	0	2	1	0	0	0	0	2	0	0	0	0	0	26	0	0	0	1	1	0	0	0	1	0
74688	23 Aug 22	03:11:56	1	0	85	0	Ct	0	1	4	0	0	0	0	0	3	0	0	0	0	6	0	0	0	4	0	0	0	0	0	18	0	0	0	2	0	0	0	0	1	0
74689	23 Aug 22	03:12:52	1	0	85	0	Ct	0	1	0	0	0	0	0	0	0	0	0	0	2	0	0	0	2	1	0	24	0	0	0	1	0	0	0	1	2	0	0	0	2	0
74690	23 Aug 22	03:13:47	1	0	85	0	Ct	0	1	0	0	0	0	0	0	3	0	1	1	0	0	0	0	1	1	0	4	0	1	0	0	0	0	0	2	0	0	0	5	2	0
74691	23 Aug 22	03:14:42	1	0	85	0	Ct	0	1	2	0	0	2	0	0	0	0	0	0	0	1	3	0	1	0	0	0	0	2	0	0	0	0	0	0	1	0	0	1	3	0
74692	23 Aug 22	03:15:39	1	0	85	0	Ct	0	1	0	0	0	1	0	0	0	0	1	0	1	2	4	0	2	3	0	0	0	3	0	0	0	0	0	2	3	0	0	6	3	0
74693	23 Aug 22	03:16:35	1	0	85	0	Ct	0	1	0	0	0	0	0	0	0	0	6	0	1	1	0	0	4	2	0	1	0	0	0	0	0	0	0	1	0	0	0	6	2	0
74694	23 Aug 22	03:17:28	1	0	85	0	Ct	0	1	0	0	0	1	0	0	0	0	0	3	1	1	0	0	2	0	0	0	0	0	0	0	0	0	0	2	0	0	0	0	0	0
74695	23 Aug 22	03:18:23	1	0	85	0	Ct	0	1	0	0	0	0	0	0	0	0	1	0	2	2	1	0	1	0	0	0	0	0	0	0	0	0	0	2	0	0	0	2	0	0
74696	23 Aug 22	03:19:15	1	0	85	0	Ct	0	1	1	0	0	0	0	2	0	0	0	0	7	1	0	0	1	0	0	0	0	2	0	0	0	0	0	0	1	0	0	17	0	0
74697	23 Aug 22	03:20:10	1	0	85	0	Ct	0	1	0	0	0	0	0	0	0	1	0	0	1	0	0	0	1	1	0	9	0	1	0	0	0	0	0	1	0	0	0	5	0	0
74698	23 Aug 22	03:21:05	1	0	85	0	Ct	0	1	0	0	0	0	0	0	2	3	2	0	0	0	0	0	1	0	0	0	0	0	0	0	0	0	0	2	0	0	0	2	0	0
74699	23 Aug 22	03:21:59	1	0	85	0	Ct	0	1	0	0	0	0	0	0	0	0	0	0	0	1	0	0	1	0	0	0	0	5	0	0	0	0	0	3	0	0	0	0	0	0
74700	23 Aug 22	03:22:53	1	0	85	0	Ct	0	1	0	0	0	0	0	0	0	0	0	0	1	1	0	0	0	0	0	0	0	0	0	0	0	0	0	2	0	0	0	0	0	0
74701	23 Aug 22	03:23:50	1	0	85	0	Ct	0	1	0	0	0	2	0	0	0	2	0	0	1	3	0	0	0	0	0	0	0	1	0	0	0	0	0	1	0	0	0	0	3	0
74702	23 Aug 22	03:24:46	1	0	85	0	Ct	0	1	3	0	0	3	0	1	8	11	0	0	0	0	0	2	0	0	0	3	0	1	0	0	0	0	0	1	0	0	0	0	2	0
74703	23 Aug 22	03:25:42	1	0	85	0	Ct	0	1	0	0	0	1	0	0	1	0	0	0	0	0	0	0	0	0	0	0	0	1	0	0	0	0	0	1	0	0	0	0	1	0
74704	23 Aug 22	03:26:36	1	0	85	0	Ct	0	1	0	0	0	1	0	0	0	0	0	0	0	1	0	5	0	0	0	0	0	1	0	0	0	0	0	1	0	0	0	0	0	0
74705	23 Aug 22	03:27:32	1	0	85	0	Ct	0	1	5	0	0	0	0	0	0	0	0	0	0	0	0	0	0	0	0	0	0	2	0	0	0	0	0	0	11	0	0	0	0	0
74706	23 Aug 22	03:28:26	1	0	85	0	Ct	0	1	0	0	0	0	0	0	3	0	0	0	0	1	0	1	3	0	0	1	0	0	0	0	0	1	0	0	1	0	10	0	2	0
74707	23 Aug 22	03:29:18	1	0	85	0	Ct	0	1	0	0	0	0	0	0	0	0	0	0	0	1	0	0	0	0	0	0	0	9	0	0	0	0	0	0	0	0	2	0	0	0
74708	23 Aug 22	03:30:14	1	0	85	0	Ct	0	1	0	0	0	0	0	0	0	0	0	0	0	3	0	1	2	0	0	1	0	2	0	0	0	0	0	0	0	0	0	0	0	0
74709	23 Aug 22	03:31:08	1	0	85	0	Ct	0	1	0	0	0	0	0	0	2	0	0	0	0	0	0	0	4	6	0	2	0	1	0	0	0	9	0	0	1	0	7	0	0	0
74710	23 Aug 22	03:32:01	1	0	85	0	Ct	0	1	0	0	0	0	0	0	1	0	0	1	1	1	0	0	2	8	0	0	0	1	0	0	0	5	0	0	0	0	0	0	1	0
74711	23 Aug 22	03:32:58	1	0	85	0	Ct	0	1	1	0	0	3	0	0	1	0	0	7	1	1	0	0	3	0	0	0	0	12	0	0	0	2	0	1	0	0	0	0	1	0
74712	23 Aug 22	03:33:54	1	0	85	0	Ct	0	1	0	0	0	0	0	0	1	0	0	0	1	1	0	0	2	0	0	0	0	5	0	0	0	1	0	1	0	1	0	0	0	0
74713	23 Aug 22	03:34:49	1	0	85	0	Ct	0	1	0	0	0	0	0	0	0	0	0	0	2	1	0	0	1	0	0	0	0	1	0	0	0	0	0	1	1	0	0	0	0	0
74714	23 Aug 22	03:35:44	1	0	85	0	Ct	0	1	0	0	0	5	0	4	0	0	0	0	1	2	0	0	1	0	0	0	0	0	0	0	0	0	0	0	0	0	1	0	1	0
74715	23 Aug 22	03:36:40	1	0	85	0	Ct	0	1	2	6	0	2	0	3	2	0	0	0	0	2	0	0	1	0	0	0	0	0	0	0	0	3	0	2	0	2	0	0	1	0
74716	23 Aug 22	03:37:36	1	0	85	0	Ct	0	1	7	0	0	0	0	0	0	0	0	0	3	2	0	0	2	0	0	0	0	0	0	0	0	0	0	1	0	1	0	0	0	0
74717	23 Aug 22	03:38:32	1	0	85	0	Ct	0	1	1	0	0	0	0	0	0	0	0	0	1	1	0	0	1	0	0	0	0	0	0	0	0	0	0	3	0	0	0	0	0	0
74718	23 Aug 22	03:39:23	1	0	85	0	Ct	0	1	3	0	0	0	0	11	0	0	0	0	0	1	0	0	1	0	0	0	0	0	0	0	0	0	0	2	0	2	0	0	0	0
74719	23 Aug 22	03:40:19	1	0	85	0	Ct	0	1	0	1	0	0	0	24	1	0	0	0	0	2	0	0	0	0	0	0	0	0	0	0	0	0	0	1	0	1	0	0	1	0
74720	23 Aug 22	03:41:13	1	0	85	0	Ct	0	1	6	0	0	0	0	0	0	0	0	0	0	1	9	0	0	0	0	0	0	0	0	0	0	8	0	1	0	0	0	0	1	0
74721	23 Aug 22	03:42:07	1	0	85	0	Ct	0	1	0	0	0	1	0	3	2	0	0	0	3	0	0	0	1	0	0	0	0	0	0	0	0	0	0	1	0	2	0	0	1	0
74722	23 Aug 22	03:43:02	1	0	85	0	Ct	0	1	0	2	0	1	0	0	0	0	0	0	0	1	0	0	0	0	0	0	0	0	0	0	0	1	0	2	0	1	0	0	3	0
74723	23 Aug 22	03:43:58	1	0	85	0	Ct	0	1	0	1	0	0	0	0	1	0	0	0	0	2	0	0	1	0	0	0	0	1	0	0	0	0	0	2	0	0	0	0	0	0
74724	23 Aug 22	03:44:53	1	0	85	0	Ct	0	1	0	0	0	0	0	0	1	0	0	0	0	1	0	0	3	0	0	0	0	22	0	0	0	0	0	1	0	2	0	0	0	0
74725	23 Aug 22	03:45:49	1	0	85	0	Ct	0	1	0	0	0	0	0	0	0	0	0	0	0	2	0	0	1	0	0	0	0	37	0	0	0	0	0	1	1	1	0	0	0	0
74726	23 Aug 22	03:46:44	1	0	85	0	Ct	0	1	4	2	0	0	0	0	1	0	0	1	1	1	0	0	4	0	0	0	0	3	0	0	0	0	0	2	0	2	0	0	0	0
74727	23 Aug 22	03:47:40	1	0	85	0	Ct	0	1	0	0	0	0	0	0	1	0	0	0	0	2	1	0	1	0	0	0	0	0	0	1	0	0	0	2	2	1	0	0	0	0
74728	23 Aug 22	03:48:36	1	0	85	0	Ct	0	1	0	0	0	0	0	0	2	0	0	0	1	1	0	0	3	0	0	1	0	0	0	0	0	2	0	1	0	1	0	0	1	0
74729	23 Aug 22	03:49:28	1	0	85	0	Ct	0	1	0	1	0	0	0	0	1	0	0	0	1	1	3	0	5	0	0	3	0	0	0	0	0	0	0	1	0	5	0	0	2	0
74730	23 Aug 22	03:50:22	1	0	85	0	Ct	0	1	0	0	0	1	0	0	1	0	0	0	1	2	1	0	0	0	0	1	0	0	0	0	0	0	0	2	1	0	0	0	1	0
74731	23 Aug 22	03:51:15	1	0	85	0	Ct	0	1	0	0	0	1	0	0	0	0	0	0	2	2	0	0	2	0	0	0	0	0	0	0	0	0	0	1	0	0	0	0	2	0
74732	23 Aug 22	03:52:11	1	0	85	0	Ct	0	1	0	0	0	2	0	0	0	0	0	0	1	1	0	0	0	16	0	5	0	0	0	0	0	4	0	1	6	0	0	0	2	0
74733	23 Aug 22	03:53:05	1	0	85	0	Ct	0	1	1	0	0	0	0	0	0	0	0	4	2	1	3	0	3	0	0	1	0	0	0	0	0	0	0	2	21	0	0	0	2	0
74734	23 Aug 22	03:54:01	1	0	85	0	Ct	0	1	2	0	0	0	0	0	0	4	0	0	1	0	0	0	1	0	0	0	0	9	0	6	0	5	0	1	4	0	0	0	1	0
74735	23 Aug 22	03:54:56	1	0	85	0	Ct	0	1	0	0	0	2	0	0	0	0	0	0	0	0	0	0	0	0	0	0	0	1	0	0	0	0	0	1	0	0	0	0	1	0
74736	23 Aug 22	03:55:52	1	0	85	0	Ct	0	1	0	0	0	2	0	1	0	0	0	0	1	0	0	0	2	0	0	0	0	3	0	0	0	0	0	2	0	0	0	0	0	0
74737	23 Aug 22	03:56:48	1	0	85	0	Ct	0	1	0	0	0	2	0	0	0	0	0	0	0	1	3	0	0	0	0	6	0	0	0	0	0	0	0	3	2	0	0	0	0	0
74738	23 Aug 22	03:57:41	1	0	85	0	Ct	0	1	0	0	0	0	0	0	0	0	0	0	0	0	0	0	1	5	0	1	0	0	0	0	0	0	0	2	0	0	0	1	0	0
74739	23 Aug 22	03:58:37	1	0	85	0	Ct	0	1	0	0	0	0	0	0	0	0	0	0	1	0	0	0	2	0	0	2	0	3	0	0	0	15	0	1	0	0	0	0	0	0
74740	23 Aug 22	03:59:30	1	0	85	0	Ct	0	1	0	0	0	0	0	0	2	0	0	0	0	0	0	0	1	0	0	0	0	1	0	0	0	9	0	1	0	0	0	20	0	0
74741	23 Aug 22	04:00:25	1	0	85	0	Ct	0	1	2	0	0	0	0	0	0	0	0	0	1	1	0	0	2	0	0	0	0	0	0	2	0	15	0	0	2	0	0	2	0	0
74742	23 Aug 22	04:01:18	1	0	85	0	Ct	0	1	3	0	0	0	0	0	0	0	0	0	1	0	2	0	1	0	0	0	0	3	0	0	0	2	0	2	0	0	0	4	0	0
74743	23 Aug 22	04:02:13	1	0	85	0	Ct	0	1	1	13	0	4	0	0	1	0	0	0	1	0	0	0	1	1	0	0	0	0	0	0	0	0	0	1	1	0	1	26	9	0
74744	23 Aug 22	04:03:09	1	0	85	0	Ct	0	1	0	0	0	1	0	0	0	0	0	0	0	0	3	0	3	0	0	6	0	3	0	0	0	0	0	3	2	0	0	23	0	0
74745	23 Aug 22	04:04:06	1	0	85	0	Ct	0	1	5	0	0	1	0	0	0	0	0	0	1	1	0	0	1	5	0	0	0	0	0	10	0	0	0	0	1	0	4	6	1	0
74746	23 Aug 22	04:05:02	1	0	85	0	Ct	0	1	0	1	0	1	0	0	0	0	0	0	0	0	0	0	1	4	0	1	0	1	0	0	0	0	0	0	1	0	2	0	2	0
74747	23 Aug 22	04:05:58	1	0	85	0	Ct	0	1	0	0	0	1	0	0	0	0	0	0	0	0	0	0	3	0	0	1	0	0	0	0	0	1	0	1	1	0	0	0	1	0
74748	23 Aug 22	04:06:54	1	0	85	0	Ct	0	1	0	0	0	1	0	0	16	0	0	1	0	0	0	0	1	3	0	0	0	0	0	2	0	0	0	1	1	0	0	0	1	0
74749	23 Aug 22	04:07:50	1	0	85	0	Ct	0	1	0	0	0	0	0	0	19	0	0	0	1	2	0	0	1	2	0	1	0	0	0	9	0	1	0	2	0	0	0	0	0	0
74750	23 Aug 22	04:08:44	1	0	85	0	Ct	0	1	0	6	0	1	0	0	11	0	0	2	0	0	0	0	2	0	0	0	0	0	0	5	0	2	0	2	0	0	0	0	1	0
74751	23 Aug 22	04:09:38	1	0	85	0	Ct	0	1	1	0	0	0	0	0	2	0	0	1	0	1	0	0	0	0	0	2	0	1	0	9	0	0	0	0	0	0	0	0	2	0
74752	23 Aug 22	04:10:32	1	0	85	0	Ct	0	1	0	1	0	1	0	1	1	0	0	0	1	1	0	0	2	0	0	1	0	9	0	3	0	0	0	1	0	0	0	0	2	0
74753	23 Aug 22	04:11:28	1	0	85	0	Ct	0	1	0	0	0	3	0	0	0	0	0	0	2	1	0	0	0	0	0	2	0	0	0	12	0	0	0	1	1	0	0	0	1	0
74754	23 Aug 22	04:12:24	1	0	85	0	Ct	0	1	0	0	0	1	0	0	0	0	0	11	1	1	1	0	0	0	0	0	0	1	0	0	0	0	0	0	0	0	0	0	0	0
74755	23 Aug 22	04:13:18	1	0	85	0	Ct	0	1	0	6	0	1	0	0	0	0	0	8	1	0	0	0	0	0	0	1	0	0	0	0	0	0	0	0	0	0	0	0	0	0
74756	23 Aug 22	04:14:14	1	0	85	0	Ct	0	1	1	0	0	1	0	2	0	0	0	0	1	0	0	0	0	0	0	2	0	2	0	0	0	0	0	0	13	0	0	0	0	0
74757	23 Aug 22	04:15:10	1	0	85	0	Ct	0	1	0	0	0	2	0	0	0	0	0	0	0	1	0	0	0	0	0	2	0	0	0	0	0	0	0	1	20	0	0	0	2	0
74758	23 Aug 22	04:16:05	1	0	85	0	Ct	0	1	1	1	0	0	0	0	0	0	0	1	0	0	0	0	0	0	0	1	0	3	0	2	0	4	0	1	0	0	0	0	0	0
74759	23 Aug 22	04:17:03	1	0	85	0	Ct	0	1	0	0	0	2	0	0	0	26	0	0	0	0	0	0	2	0	0	0	0	1	0	38	0	0	0	2	0	0	0	0	2	0
74760	23 Aug 22	04:17:59	1	0	85	0	Ct	0	1	6	0	0	0	0	2	3	0	0	3	1	0	0	0	0	0	0	2	0	0	0	35	0	2	0	2	0	0	0	0	0	0
74761	23 Aug 22	04:18:55	1	0	85	0	Ct	0	1	1	0	0	0	0	0	0	0	0	0	0	0	0	0	1	0	0	0	0	0	0	37	0	0	0	2	0	0	0	0	0	0
74762	23 Aug 22	04:19:48	1	0	85	0	Ct	0	1	0	0	0	0	0	0	0	0	0	2	0	0	1	0	1	0	0	0	0	0	0	29	0	0	0	1	0	1	0	0	0	0
74763	23 Aug 22	04:20:44	1	0	85	0	Ct	0	1	0	0	0	0	0	0	0	0	0	8	0	1	0	0	2	0	0	0	0	0	0	7	0	0	0	1	0	0	0	0	0	0
74764	23 Aug 22	04:21:36	1	0	85	0	Ct	0	1	1	0	0	0	0	0	17	7	0	5	0	0	1	0	1	0	0	0	0	1	0	14	0	0	0	1	1	1	0	1	2	0
74765	23 Aug 22	04:22:33	1	0	85	0	Ct	0	1	2	0	0	0	0	0	10	12	0	0	0	0	0	0	2	0	0	6	0	0	0	0	0	9	0	2	0	1	0	1	1	0
74766	23 Aug 22	04:23:25	1	0	85	0	Ct	0	1	5	0	0	0	0	0	2	19	0	0	0	6	0	0	1	0	0	0	0	0	0	6	0	0	0	5	0	2	0	4	1	0
74767	23 Aug 22	04:24:22	1	0	85	0	Ct	0	1	0	8	0	0	0	1	0	0	0	0	0	0	1	0	0	0	0	5	0	0	0	0	0	0	0	1	0	1	0	1	1	0
74768	23 Aug 22	04:25:15	1	0	85	0	Ct	0	1	0	0	0	2	0	2	2	0	0	1	0	1	0	0	0	0	0	1	0	0	0	0	0	0	0	2	0	2	0	0	1	0
74769	23 Aug 22	04:26:12	1	0	85	0	Ct	0	1	0	0	0	10	0	0	0	0	0	1	0	0	0	0	0	0	0	1	0	1	0	1	0	0	0	0	0	4	0	16	2	0
74770	23 Aug 22	04:27:07	1	0	85	0	Ct	0	1	0	0	0	0	0	0	0	0	0	0	0	0	0	0	1	16	0	0	0	3	0	0	0	0	0	2	0	0	0	21	2	0
74771	23 Aug 22	04:28:03	1	0	85	0	Ct	0	1	6	0	0	0	0	6	0	0	0	0	1	0	0	0	0	48	0	0	0	3	0	0	0	0	0	1	0	0	0	3	0	0
74772	23 Aug 22	04:28:59	1	0	85	0	Ct	0	1	5	0	0	0	0	2	0	0	0	0	0	0	8	0	1	0	0	0	0	0	0	0	0	0	0	1	0	0	0	6	2	0
74773	23 Aug 22	04:29:53	1	0	85	0	Ct	0	1	0	0	0	0	0	0	0	2	0	1	0	1	0	0	2	0	0	0	0	0	0	0	0	8	0	2	0	0	0	12	0	0
74774	23 Aug 22	04:30:47	1	0	85	0	Ct	0	1	0	0	0	0	0	0	1	1	0	0	2	1	0	0	3	0	0	0	0	0	0	0	0	26	0	1	0	0	0	0	0	0
74775	23 Aug 22	04:31:40	1	0	85	0	Ct	0	1	0	1	0	0	0	0	0	0	0	0	0	0	0	0	0	0	0	0	0	0	0	0	0	12	0	1	0	0	0	4	0	0
74776	23 Aug 22	04:32:34	1	0	85	0	Ct	0	1	0	0	0	0	0	0	1	0	0	0	1	1	1	1	1	0	0	3	0	0	0	0	0	5	0	1	0	0	0	4	0	0
74777	23 Aug 22	04:33:28	1	0	85	0	Ct	0	1	5	0	0	0	0	0	2	0	0	2	0	1	0	5	2	0	0	3	0	3	0	0	0	2	0	0	0	0	0	4	1	0
74778	23 Aug 22	04:34:25	1	0	85	0	Ct	0	1	0	4	0	0	0	0	0	0	0	1	0	0	0	0	1	0	0	2	0	1	0	0	0	0	0	2	0	0	0	3	1	0
74779	23 Aug 22	04:35:20	1	0	85	0	Ct	0	1	1	0	0	0	0	0	0	0	0	0	0	2	4	1	1	0	0	0	0	0	0	0	0	0	0	1	0	0	0	1	1	0
74780	23 Aug 22	04:36:16	1	0	85	0	Ct	0	1	0	1	0	0	0	0	0	0	0	0	0	1	2	0	5	0	0	5	0	0	0	0	0	0	0	0	0	0	0	6	1	0
74781	23 Aug 22	04:37:13	1	0	85	0	Ct	0	1	0	0	0	0	0	0	2	0	0	0	0	1	4	0	1	0	0	26	0	0	0	0	0	1	0	2	0	0	0	0	0	0
74782	23 Aug 22	04:38:09	1	0	85	0	Ct	0	1	10	0	0	0	0	2	0	0	0	1	5	1	0	0	0	0	0	24	0	0	0	0	0	0	0	0	2	0	0	1	0	0
74783	23 Aug 22	04:39:05	1	0	85	0	Ct	0	1	2	0	0	0	0	5	0	0	0	1	0	0	0	0	0	0	0	0	0	0	0	0	0	3	0	1	0	0	0	5	0	0
74784	23 Aug 22	04:40:00	1	0	85	0	Ct	0	1	0	0	0	2	0	6	0	0	0	0	0	1	0	0	0	0	0	0	0	5	0	0	0	3	0	1	0	2	0	14	0	0
74785	23 Aug 22	04:40:56	1	0	85	0	Ct	0	1	5	2	0	0	0	0	0	0	0	0	0	0	6	0	1	0	0	0	0	0	0	0	0	0	0	1	0	0	0	0	0	0
74786	23 Aug 22	04:41:49	1	0	85	0	Ct	0	1	7	0	0	0	0	0	0	0	0	1	0	1	0	0	5	0	0	0	0	0	0	0	0	0	0	1	0	1	0	4	0	0
74787	23 Aug 22	04:42:44	1	0	85	0	Ct	0	1	1	1	0	0	0	0	0	0	0	0	0	0	2	0	1	0	0	0	0	1	0	3	0	0	0	1	0	0	0	0	0	0
74788	23 Aug 22	04:43:38	1	0	85	0	Ct	0	1	1	0	0	0	0	0	0	0	0	0	0	0	0	1	0	0	0	0	0	0	0	0	0	0	0	2	0	0	0	17	1	0
74789	23 Aug 22	04:44:33	1	0	85	0	Ct	0	1	5	0	0	0	0	15	0	0	0	0	0	0	0	0	4	0	0	1	0	2	0	0	0	7	0	1	10	0	0	23	0	0
74790	23 Aug 22	04:45:30	1	0	85	0	Ct	0	1	0	0	0	0	0	0	0	0	0	0	0	0	0	0	2	0	0	0	0	2	0	0	0	0	0	2	0	0	0	4	0	0
74791	23 Aug 22	04:46:27	1	0	85	0	Ct	0	1	0	0	0	0	0	0	0	0	0	0	0	0	2	0	2	0	0	0	0	3	0	0	0	0	0	1	0	0	0	7	0	0
74792	23 Aug 22	04:47:23	1	0	85	0	Ct	0	1	0	0	0	0	0	0	0	0	0	0	0	0	0	0	0	0	0	5	0	0	0	0	0	0	0	1	0	0	0	5	0	0
74793	23 Aug 22	04:48:18	1	0	85	0	Ct	0	1	0	0	0	0	0	0	0	0	0	0	0	0	2	0	2	0	0	0	0	0	0	2	0	0	0	1	0	0	0	2	0	0
74794	23 Aug 22	04:49:13	1	0	85	0	Ct	0	1	0	0	0	0	0	0	0	0	0	0	0	0	0	0	5	0	0	0	0	0	0	0	0	0	0	1	0	0	0	4	0	0
74795	23 Aug 22	04:50:07	1	0	85	0	Ct	0	1	0	0	0	0	0	0	0	0	1	0	0	0	1	0	1	0	0	2	0	1	0	0	0	0	0	1	0	0	0	0	0	0
74796	23 Aug 22	04:51:01	1	0	85	0	Ct	0	1	0	0	0	0	0	0	0	0	0	0	0	0	0	0	2	0	0	0	0	3	0	0	0	0	0	1	0	0	0	0	0	0
74797	23 Aug 22	04:51:58	1	0	85	0	Ct	0	1	0	0	0	0	0	0	0	2	0	0	1	1	0	0	0	0	0	1	0	0	0	4	0	0	0	1	0	0	0	0	0	0
74798	23 Aug 22	04:52:55	1	0	85	0	Ct	0	1	0	0	0	0	0	0	0	11	0	0	0	1	0	0	2	0	0	0	0	3	0	0	0	0	0	1	3	0	0	0	1	0
74799	23 Aug 22	04:53:52	1	0	85	0	Ct	0	1	0	0	0	1	0	0	0	0	1	0	0	0	17	0	0	0	0	0	0	0	0	0	0	0	0	1	16	0	0	0	0	0
74800	23 Aug 22	04:54:47	1	0	85	0	Ct	0	1	2	0	0	6	0	0	0	0	0	0	0	0	0	0	3	0	0	1	0	1	0	0	0	3	0	3	4	0	0	0	0	0
74801	23 Aug 22	04:55:41	1	0	85	0	Ct	0	1	1	0	0	11	0	0	0	19	0	0	0	0	0	0	1	0	0	0	0	1	0	1	0	0	0	2	0	0	0	0	0	0
74802	23 Aug 22	04:56:35	1	0	85	0	Ct	0	1	2	0	0	1	0	0	0	3	0	0	0	3	0	0	1	0	0	2	0	1	0	5	0	0	0	0	0	0	0	0	2	0
74803	23 Aug 22	04:57:31	1	0	85	0	Ct	0	1	0	0	0	0	0	0	0	0	0	0	0	3	5	0	1	0	0	1	0	2	0	19	0	0	0	2	0	0	0	0	0	0
74804	23 Aug 22	04:58:27	1	0	85	0	Ct	0	1	0	0	0	0	0	0	0	0	0	0	0	1	0	0	1	0	0	1	0	1	0	4	0	7	0	2	0	0	0	0	0	0
74805	23 Aug 22	04:59:24	1	0	85	0	Ct	0	1	3	0	0	0	0	0	0	0	0	0	0	0	0	0	1	0	0	3	0	3	0	0	0	0	0	2	0	0	0	0	0	0
74806	23 Aug 22	05:00:20	1	0	85	0	Ct	0	1	0	0	0	0	0	0	0	2	0	0	0	0	1	0	1	1	0	4	0	0	0	0	0	1	0	1	0	0	0	0	0	0
74807	23 Aug 22	05:01:14	1	0	85	0	Ct	0	1	0	0	0	0	0	0	0	0	0	0	5	2	0	0	0	0	0	0	0	0	0	0	0	1	0	2	0	0	0	0	0	0
74808	23 Aug 22	05:02:08	1	0	85	0	Ct	0	1	0	0	0	0	0	0	0	0	0	0	1	0	0	0	0	0	0	3	0	3	0	0	0	0	0	0	0	0	0	0	0	0
74809	23 Aug 22	05:03:04	1	0	85	0	Ct	0	1	0	0	0	1	0	0	0	0	0	0	0	2	0	0	2	0	0	2	0	2	0	0	0	0	0	0	0	0	0	0	0	0
74810	23 Aug 22	05:03:59	1	0	85	0	Ct	0	1	1	0	0	1	0	0	0	0	0	0	0	1	0	0	2	0	0	0	0	0	0	0	0	0	0	1	0	0	0	0	0	0
74811	23 Aug 22	05:04:54	1	0	85	0	Ct	0	1	0	0	0	0	0	0	0	0	0	1	1	2	0	0	1	0	0	0	0	0	0	0	0	0	0	2	0	1	0	0	0	0
74812	23 Aug 22	05:05:50	1	0	85	0	Ct	0	1	6	0	0	1	0	1	0	0	0	0	0	1	1	0	0	0	0	0	0	1	0	0	0	0	0	2	0	0	0	0	0	0
74813	23 Aug 22	05:06:47	1	0	85	0	Ct	0	1	1	0	0	0	0	0	0	0	0	0	0	1	0	0	1	0	0	3	0	9	0	0	0	3	0	1	1	1	0	0	0	0
74814	23 Aug 22	05:07:44	1	0	85	0	Ct	0	1	4	0	0	0	0	0	0	0	0	0	0	0	0	0	0	3	0	1	0	0	0	0	0	5	0	2	0	0	0	0	0	0
74815	23 Aug 22	05:08:38	1	0	85	0	Ct	0	1	0	0	0	4	0	0	0	0	0	0	0	2	10	0	2	3	0	1	0	0	0	0	0	5	0	0	0	0	0	0	0	0
74816	23 Aug 22	05:09:34	1	0	85	0	Ct	0	1	3	0	0	8	0	0	0	0	0	0	0	0	0	0	0	0	0	4	0	0	0	0	0	0	0	2	1	0	0	0	0	0
74817	23 Aug 22	05:10:29	1	0	85	0	Ct	0	1	4	0	0	0	0	0	0	1	0	0	0	2	0	0	5	0	0	0	0	4	0	0	0	0	0	0	1	0	2	0	0	0
74818	23 Aug 22	05:11:25	1	0	85	0	Ct	0	1	0	0	0	1	0	5	0	2	0	3	0	1	0	0	0	0	0	1	0	4	0	0	0	0	0	1	1	0	0	0	0	0
74819	23 Aug 22	05:12:18	1	0	85	0	Ct	0	1	0	11	0	0	0	0	0	0	0	0	5	3	2	0	1	0	0	0	0	0	0	0	0	0	0	3	0	0	0	0	0	0
74820	23 Aug 22	05:13:12	1	0	85	0	Ct	0	1	0	24	0	0	0	0	0	0	0	0	1	0	0	0	5	0	0	2	0	0	0	0	0	1	0	0	0	0	0	0	0	0
74821	23 Aug 22	05:14:06	1	0	85	0	Ct	0	1	0	0	0	0	0	0	0	2	0	0	0	0	0	0	2	0	0	1	0	0	0	0	0	0	0	0	1	0	7	0	0	0
74822	23 Aug 22	05:15:01	1	0	85	0	Ct	0	1	0	1	0	0	0	0	0	1	0	0	1	0	0	0	0	0	0	0	0	1	0	0	0	0	0	1	0	0	1	0	0	0
74823	23 Aug 22	05:15:58	1	0	85	0	Ct	0	1	0	0	0	0	0	3	0	0	0	0	0	0	0	0	1	0	0	0	0	1	0	0	0	0	0	2	0	0	0	0	0	0
74824	23 Aug 22	05:16:54	1	0	85	0	Ct	0	1	0	0	0	0	0	0	0	0	0	0	0	2	0	0	0	0	0	2	0	1	0	0	0	0	0	1	1	1	0	0	0	0
74825	23 Aug 22	05:17:49	1	0	85	0	Ct	0	1	0	0	0	0	0	0	1	0	0	0	1	0	0	0	0	0	0	0	0	0	0	0	0	0	0	1	0	0	1	0	1	0
74826	23 Aug 22	05:18:43	1	0	85	0	Ct	0	1	0	0	0	0	0	0	0	0	0	0	2	0	0	0	0	2	0	3	0	2	0	0	0	0	0	2	0	2	0	0	0	0
74827	23 Aug 22	05:19:39	1	0	85	0	Ct	0	1	0	0	0	0	0	0	0	0	0	0	4	0	0	0	0	0	0	0	0	2	0	0	0	0	0	2	0	2	0	0	1	0
74828	23 Aug 22	05:20:35	1	0	85	0	Ct	0	1	0	0	0	0	0	0	0	0	0	0	25	1	2	0	0	0	0	0	0	4	0	0	0	0	0	1	0	2	0	0	0	0
74829	23 Aug 22	05:21:31	1	0	85	0	Ct	0	1	5	0	0	0	0	0	2	4	4	0	0	1	0	0	0	0	0	0	0	0	0	1	0	0	0	1	0	1	0	0	0	0
74830	23 Aug 22	05:22:25	1	0	85	0	Ct	0	1	2	0	0	0	0	1	0	0	0	0	0	0	0	0	0	20	0	5	0	1	0	0	0	0	0	1	1	3	3	0	0	0
74831	23 Aug 22	05:23:21	1	0	85	0	Ct	0	1	0	0	0	0	0	0	0	0	0	0	0	0	0	0	0	2	0	0	0	3	0	0	0	0	0	1	0	1	16	0	0	0
74832	23 Aug 22	05:24:17	1	0	85	0	Ct	0	1	1	0	0	0	0	0	0	0	12	0	0	0	5	0	0	0	0	1	0	0	0	0	0	0	0	0	2	0	0	0	0	0
74833	23 Aug 22	05:25:10	1	0	85	0	Ct	0	1	0	0	0	0	0	0	0	0	0	0	0	1	0	0	0	0	0	0	0	1	0	0	0	0	0	1	0	1	0	0	1	0
74834	23 Aug 22	05:26:04	1	0	85	0	Ct	0	1	0	0	0	0	0	1	0	18	1	0	0	0	0	0	0	0	0	0	0	0	0	0	0	0	0	1	1	8	0	0	0	0
74835	23 Aug 22	05:26:59	1	0	85	0	Ct	0	1	1	0	0	0	0	0	0	0	0	0	0	1	0	0	0	0	0	0	0	1	0	3	0	0	0	1	0	1	1	0	0	0
74836	23 Aug 22	05:27:53	1	0	85	0	Ct	0	1	0	0	0	0	0	0	0	1	1	0	0	0	0	0	2	0	0	0	0	2	0	15	0	0	0	1	0	1	0	0	0	0
74837	23 Aug 22	05:28:49	1	0	85	0	Ct	0	1	0	0	0	2	0	2	0	0	0	0	0	0	3	0	0	0	0	0	0	4	0	7	0	0	0	1	1	2	1	0	0	0
74838	23 Aug 22	05:29:44	1	0	85	0	Ct	0	1	0	0	0	1	0	0	2	0	0	0	0	0	1	0	0	0	0	4	0	1	0	0	0	0	0	1	0	2	2	0	0	0
74839	23 Aug 22	05:30:40	1	0	85	0	Ct	0	1	1	0	0	0	0	0	0	0	0	0	1	0	0	0	3	0	0	0	0	3	0	5	0	0	0	1	0	2	0	0	1	0
74840	23 Aug 22	05:31:36	1	0	85	0	Ct	0	1	0	0	0	1	0	1	1	0	0	0	0	0	0	0	0	1	0	1	0	1	0	15	0	0	0	4	0	4	1	0	0	0
74841	23 Aug 22	05:32:26	1	0	85	0	Ct	0	1	2	0	0	0	0	0	0	0	0	0	0	0	0	0	3	0	0	0	0	1	0	0	0	0	0	0	0	0	0	0	1	0
74842	23 Aug 22	05:33:17	1	0	85	0	Ct	0	1	8	0	0	0	0	0	0	0	0	0	0	1	0	0	1	0	0	0	0	0	0	0	0	0	0	0	0	1	3	0	0	0
74843	23 Aug 22	05:34:06	1	0	85	0	Ct	0	1	1	0	0	0	0	0	0	0	0	0	1	0	0	0	0	1	0	0	0	1	0	0	0	0	0	1	0	0	0	0	1	0
74844	23 Aug 22	05:34:56	1	0	85	0	Ct	0	1	0	0	0	2	0	0	0	0	0	0	0	1	0	0	0	6	0	0	0	1	0	0	0	0	0	1	3	2	0	0	2	0
74845	23 Aug 22	05:35:50	1	0	85	0	Ct	0	1	0	0	0	8	0	0	1	0	0	0	0	0	0	0	0	0	0	0	0	0	0	0	0	0	0	1	0	3	0	0	0	0
74846	23 Aug 22	05:36:43	1	0	85	0	Ct	0	1	14	0	0	0	0	0	0	0	2	0	0	2	0	0	3	0	0	1	0	1	0	0	0	0	0	1	0	0	3	1	1	0
74847	23 Aug 22	05:37:33	1	0	85	0	Ct	0	1	0	0	0	1	0	0	0	0	1	0	0	0	5	0	1	0	0	1	0	0	0	7	0	0	0	1	0	0	0	2	0	0
74848	23 Aug 22	05:38:28	1	0	85	0	Ct	0	1	0	0	0	0	0	0	2	0	1	0	0	0	2	0	1	0	0	0	0	1	0	0	0	0	0	1	0	0	0	11	1	0
74849	23 Aug 22	05:39:22	1	0	85	0	Ct	0	1	5	0	0	0	0	0	0	0	1	0	0	0	0	0	1	0	0	3	0	1	0	0	0	5	0	0	1	0	3	9	1	0
74850	23 Aug 22	05:40:18	1	0	85	0	Ct	0	1	0	0	0	0	0	3	0	0	0	0	0	0	0	0	4	0	0	0	0	1	0	0	0	0	0	0	0	0	0	0	1	0
74851	23 Aug 22	05:41:12	1	0	85	0	Ct	0	1	7	0	0	2	0	8	0	0	0	0	4	0	10	0	0	1	0	0	0	3	0	0	0	0	0	1	0	0	0	4	2	0
74852	23 Aug 22	05:42:06	1	0	85	0	Ct	0	1	0	0	0	4	0	0	0	0	0	0	0	0	0	0	0	0	0	2	0	1	0	0	0	0	0	2	0	0	0	2	1	0
74853	23 Aug 22	05:43:01	1	0	85	0	Ct	0	1	0	4	0	0	0	0	0	2	1	0	0	0	0	0	2	0	0	9	0	2	0	0	0	0	0	2	0	0	0	4	1	0
74854	23 Aug 22	05:43:57	1	0	85	0	Ct	0	1	1	1	0	1	0	0	1	0	1	0	3	0	4	0	0	0	0	8	0	2	0	0	0	2	0	0	0	0	0	0	1	0
74855	23 Aug 22	05:44:52	1	0	85	0	Ct	0	1	2	0	0	0	0	2	0	0	0	0	2	0	0	0	1	1	0	0	0	0	0	0	0	0	0	0	0	0	0	1	1	0
74856	23 Aug 22	05:45:48	1	0	85	0	Ct	0	1	0	0	0	0	0	0	1	0	0	0	4	0	0	0	0	4	0	1	0	0	0	1	0	0	0	1	1	0	3	10	0	0
74857	23 Aug 22	05:46:43	1	0	85	0	Ct	0	1	0	0	0	0	0	0	4	7	0	0	0	0	4	0	0	0	0	2	0	2	0	10	0	5	0	2	0	0	0	0	2	0
74858	23 Aug 22	05:47:37	1	0	85	0	Ct	0	1	11	1	0	3	0	0	2	0	0	0	1	0	0	0	3	0	0	0	0	0	0	4	0	0	0	1	0	0	0	0	1	0
74859	23 Aug 22	05:48:27	1	0	85	0	Ct	0	1	0	1	0	0	0	0	1	0	0	0	0	1	0	0	1	0	0	5	0	0	0	2	0	0	0	0	0	0	0	0	1	0
74860	23 Aug 22	05:49:22	1	0	85	0	Ct	0	1	4	0	0	1	0	1	0	0	1	0	0	0	3	0	0	2	0	0	0	0	0	0	0	0	0	2	0	0	2	0	1	0
74861	23 Aug 22	05:50:18	1	0	85	0	Ct	0	1	0	0	0	0	0	1	0	4	1	0	0	0	0	0	0	0	0	1	0	2	0	0	0	5	0	0	0	0	0	0	1	0
74862	23 Aug 22	05:51:15	1	0	85	0	Ct	0	1	7	2	0	0	0	0	1	21	0	0	0	0	0	0	0	0	0	3	0	1	0	0	0	0	0	1	0	0	0	0	2	0
74863	23 Aug 22	05:52:08	1	0	85	0	Ct	0	1	0	4	0	0	0	0	0	0	0	0	0	0	0	0	2	0	0	0	0	1	0	1	0	0	0	1	0	0	0	0	2	0
74864	23 Aug 22	05:53:04	1	0	85	0	Ct	0	1	3	15	0	0	0	4	0	0	0	0	2	1	7	0	0	3	0	1	0	0	0	0	0	3	0	0	1	0	0	0	1	0
74865	23 Aug 22	05:54:00	1	0	85	0	Ct	0	1	0	0	0	0	0	0	0	0	0	0	0	3	5	0	0	0	0	6	0	0	0	1	0	0	0	2	0	0	0	0	2	0
74866	23 Aug 22	05:54:57	1	0	85	0	Ct	0	1	1	0	0	3	0	0	1	0	0	0	0	2	2	0	1	0	0	1	0	0	0	7	0	2	0	0	1	0	0	0	3	0
74867	23 Aug 22	05:55:54	1	0	85	0	Ct	0	1	1	1	0	1	0	0	0	26	0	0	0	0	0	0	3	0	0	0	0	2	0	0	0	0	0	0	3	0	0	0	1	0
74868	23 Aug 22	05:56:50	1	0	85	0	Ct	0	1	0	2	0	0	0	0	0	5	0	0	0	1	0	0	0	0	0	2	0	0	0	0	0	0	0	2	0	0	0	0	1	0
74869	23 Aug 22	05:57:45	1	0	85	0	Ct	0	1	0	1	0	0	0	3	0	5	0	0	0	1	0	0	5	0	0	1	0	1	0	0	0	0	0	0	0	0	0	0	0	0
74870	23 Aug 22	05:58:40	1	0	85	0	Ct	0	1	2	1	0	0	0	0	0	6	0	0	1	2	0	2	0	2	0	0	0	1	0	0	0	0	0	1	2	0	0	0	0	0
74871	23 Aug 22	05:59:36	1	0	85	0	Ct	0	1	0	1	0	0	0	0	0	0	0	0	1	0	0	10	0	0	0	4	0	1	0	0	0	0	0	4	0	0	0	0	1	0
74872	23 Aug 22	06:00:30	1	0	85	0	Ct	0	1	1	0	0	0	0	0	0	1	0	0	0	1	0	0	8	0	0	0	0	1	0	0	0	0	0	1	0	0	0	0	0	0
74873	23 Aug 22	06:01:26	1	0	85	0	Ct	0	1	0	10	0	0	0	1	0	5	0	0	0	1	0	0	0	0	0	1	0	0	0	0	0	0	0	1	0	0	0	0	1	0
74874	23 Aug 22	06:02:23	1	0	85	0	Ct	0	1	0	2	0	0	0	0	0	0	0	0	3	0	0	0	4	0	0	1	0	1	0	0	0	0	0	0	0	0	0	0	0	0
74875	23 Aug 22	06:03:20	1	0	85	0	Ct	0	1	0	8	0	0	0	0	1	0	0	0	0	1	0	3	1	0	0	0	0	0	0	0	0	0	0	1	0	0	0	0	1	0
74876	23 Aug 22	06:04:12	1	0	85	0	Ct	0	1	0	1	0	8	0	0	1	0	0	0	0	1	0	2	0	0	0	1	0	0	0	0	0	0	0	2	0	0	0	0	1	0
74877	23 Aug 22	06:05:07	1	0	85	0	Ct	0	1	0	2	0	0	0	0	0	0	0	0	1	0	7	0	0	0	0	0	0	0	0	0	0	0	0	6	0	0	0	0	1	0
74878	23 Aug 22	06:06:04	1	0	85	0	Ct	0	1	0	1	0	1	0	0	1	0	0	0	0	0	0	0	2	15	0	0	0	0	0	0	0	0	0	2	0	0	0	0	1	0
74879	23 Aug 22	06:07:00	1	0	85	0	Ct	0	1	0	2	0	2	0	2	1	0	4	0	0	1	3	0	0	15	0	0	0	0	0	0	0	0	0	2	1	0	0	0	1	0
74880	23 Aug 22	06:07:57	1	0	85	0	Ct	0	1	4	0	0	1	0	0	0	0	1	0	0	1	1	0	6	0	0	0	0	1	0	0	0	0	0	0	1	0	0	0	2	0
74881	23 Aug 22	06:08:53	1	0	85	0	Ct	0	1	0	0	0	0	0	0	1	0	0	0	0	3	0	0	1	0	0	0	0	0	0	0	0	0	0	2	0	0	0	0	0	0
74882	23 Aug 22	06:09:46	1	0	85	0	Ct	0	1	1	0	0	0	0	0	2	0	1	0	0	1	2	0	1	0	0	0	0	0	0	0	0	0	0	1	1	0	0	0	1	0
74883	23 Aug 22	06:10:42	1	0	85	0	Ct	0	1	0	0	0	0	0	3	0	0	0	0	0	0	17	0	1	1	0	0	0	1	0	0	0	0	0	1	0	0	0	0	0	0
74884	23 Aug 22	06:11:36	1	0	85	0	Ct	0	1	0	0	0	0	0	0	0	3	0	0	0	2	0	0	0	0	0	0	0	0	0	0	0	5	0	0	0	0	0	0	1	0
74885	23 Aug 22	06:12:33	1	0	85	0	Ct	0	1	5	0	0	0	0	2	0	3	0	0	0	2	0	0	3	0	0	0	0	4	0	0	0	0	0	2	0	0	0	0	0	0
74886	23 Aug 22	06:13:24	1	0	85	0	Ct	0	1	1	0	0	0	0	0	0	0	0	0	0	0	7	0	0	0	0	0	0	1	0	11	0	0	0	1	1	0	0	0	0	0
74887	23 Aug 22	06:14:20	1	0	85	0	Ct	0	1	0	0	0	0	0	0	1	3	0	0	3	2	13	0	1	0	0	3	0	1	0	3	0	0	0	2	0	1	0	4	0	0
74888	23 Aug 22	06:15:14	1	0	85	0	Ct	0	1	1	0	0	0	0	0	0	0	0	0	2	2	0	0	0	2	0	30	0	0	0	12	0	0	0	2	0	0	0	5	0	0
74889	23 Aug 22	06:16:10	1	0	85	0	Ct	0	1	5	0	0	0	0	0	0	2	0	0	0	0	0	0	2	1	0	16	0	1	0	21	0	4	0	1	1	0	0	0	1	0
74890	23 Aug 22	06:17:05	1	0	85	0	Ct	0	1	0	0	0	0	0	0	0	0	0	0	0	0	4	0	3	1	0	16	0	0	0	0	0	0	0	1	0	2	0	0	0	0
74891	23 Aug 22	06:18:01	1	0	85	0	Ct	0	1	0	0	0	0	0	0	1	0	0	0	0	0	0	0	0	0	0	0	0	0	0	10	0	0	0	2	2	0	0	3	0	0
74892	23 Aug 22	06:18:57	1	0	85	0	Ct	0	1	0	0	0	0	0	0	0	0	0	1	0	0	0	0	2	0	0	1	0	2	0	4	0	0	0	1	1	1	0	0	1	0
74893	23 Aug 22	06:19:53	1	0	85	0	Ct	0	1	0	0	0	1	0	0	1	0	0	0	0	2	0	0	0	13	0	0	0	0	0	0	0	0	0	1	1	0	0	0	0	0
74894	23 Aug 22	06:20:49	1	0	85	0	Ct	0	1	0	0	0	1	0	0	0	7	0	0	0	0	1	0	2	15	0	0	0	0	0	0	0	3	0	1	0	0	0	11	0	0
74895	23 Aug 22	06:21:44	1	0	85	0	Ct	0	1	2	0	0	0	0	2	0	0	0	0	0	0	0	0	2	1	0	0	0	4	0	0	0	0	0	0	0	0	0	2	0	0
74896	23 Aug 22	06:22:32	1	0	85	0	Ct	0	1	0	0	0	0	0	0	0	5	0	0	0	0	0	0	1	0	0	0	0	1	0	0	0	0	0	0	0	0	0	0	0	0
74897	23 Aug 22	06:23:24	1	0	85	0	Ct	0	1	0	0	0	0	0	0	0	1	0	0	0	1	0	0	0	0	0	0	0	0	0	5	0	0	0	1	0	0	0	3	0	0
74898	23 Aug 22	06:24:20	1	0	85	0	Ct	0	1	1	0	0	0	0	0	1	1	0	0	0	0	0	3	1	0	0	0	0	1	0	0	0	0	0	0	0	0	0	3	0	0
74899	23 Aug 22	06:25:13	1	0	85	0	Ct	0	1	0	0	0	0	0	3	0	3	0	0	0	0	0	0	0	0	0	0	0	0	0	10	0	0	0	1	0	0	0	0	1	0
74900	23 Aug 22	06:26:07	1	0	85	0	Ct	0	1	1	0	0	0	0	0	0	0	0	0	0	0	0	1	2	1	0	0	0	5	0	7	0	0	0	1	0	3	0	0	0	0
74901	23 Aug 22	06:27:04	1	0	85	0	Ct	0	1	5	0	0	4	0	0	0	0	0	0	0	1	0	0	0	0	0	0	0	4	0	0	0	0	0	1	0	0	0	7	0	0
74902	23 Aug 22	06:27:59	1	0	85	0	Ct	0	1	0	0	0	0	0	1	0	0	0	0	1	2	0	0	3	0	0	0	0	0	0	0	0	0	0	2	0	2	0	0	0	0
74903	23 Aug 22	06:28:54	1	0	85	0	Ct	0	1	0	0	0	2	0	0	0	0	0	0	0	0	0	0	2	4	0	0	0	6	0	0	0	0	0	0	0	3	0	4	0	0
74904	23 Aug 22	06:29:48	1	0	85	0	Ct	0	1	1	0	0	0	0	0	0	0	0	1	1	2	0	0	0	0	0	0	0	0	0	0	0	0	0	2	0	2	0	0	0	0
74905	23 Aug 22	06:30:44	1	0	85	0	Ct	0	1	1	0	0	0	0	0	0	0	0	0	0	1	0	0	3	0	0	0	0	1	0	0	0	0	0	2	0	1	0	0	1	0
74906	23 Aug 22	06:31:39	1	0	85	0	Ct	0	1	1	0	0	0	0	0	0	1	0	0	0	1	0	0	1	0	0	0	0	0	0	0	0	0	0	1	0	3	0	0	0	0
74907	23 Aug 22	06:32:33	1	0	85	0	Ct	0	1	0	0	0	0	0	0	0	0	0	0	0	1	0	0	3	0	0	0	0	7	0	0	0	0	0	1	2	0	0	0	0	0
74908	23 Aug 22	06:33:30	1	0	85	0	Ct	0	1	1	0	0	0	0	0	2	0	0	0	0	0	0	0	4	3	0	3	0	1	0	0	0	0	0	1	2	1	0	0	0	0
74909	23 Aug 22	06:34:25	1	0	85	0	Ct	0	1	3	0	0	0	0	1	4	0	0	0	0	0	3	0	0	0	0	0	0	0	0	0	0	0	0	1	0	2	0	0	0	0
74910	23 Aug 22	06:35:21	1	0	85	0	Ct	0	1	0	0	0	0	0	0	0	0	0	0	0	1	0	0	2	0	0	1	0	0	0	0	0	0	0	0	5	0	0	0	0	0
74911	23 Aug 22	06:36:18	1	0	85	0	Ct	0	1	1	0	0	0	0	0	1	0	0	0	0	1	0	0	1	0	0	0	0	0	0	0	0	0	0	1	0	2	0	0	1	0
74912	23 Aug 22	06:37:11	1	0	85	0	Ct	0	1	1	0	0	1	0	3	0	0	0	0	0	2	0	0	2	3	0	6	0	0	0	0	0	0	0	0	1	3	0	0	0	0
74913	23 Aug 22	06:38:07	1	0	85	0	Ct	0	1	0	0	0	3	0	1	0	0	0	0	0	0	0	0	0	6	0	0	0	0	0	0	0	0	0	1	2	1	0	1	0	0
74914	23 Aug 22	06:39:03	1	0	85	0	Ct	0	1	0	0	0	3	0	0	1	0	0	0	5	1	1	0	0	3	0	1	0	0	0	0	0	0	0	0	0	0	0	0	0	0
74915	23 Aug 22	06:39:55	1	0	85	0	Ct	0	1	7	0	0	3	0	0	0	0	0	0	0	1	0	0	1	0	0	0	0	0	0	0	0	0	0	1	0	0	0	0	1	0
74916	23 Aug 22	06:40:50	1	0	85	0	Ct	0	1	0	0	0	2	0	0	0	0	1	0	0	0	0	0	1	1	0	2	0	6	0	0	0	0	0	1	0	0	0	0	0	0
74917	23 Aug 22	06:41:44	1	0	85	0	Ct	0	1	0	0	0	1	0	0	0	0	0	0	0	2	0	0	1	7	0	0	0	1	0	1	0	0	0	0	1	0	0	0	0	0
74918	23 Aug 22	06:42:40	1	0	85	0	Ct	0	1	1	0	0	0	0	0	0	0	1	0	2	2	0	0	0	6	0	1	0	0	0	0	0	0	0	1	0	0	0	9	0	0
74919	23 Aug 22	06:43:36	1	0	85	0	Ct	0	1	0	0	0	0	0	0	0	0	2	0	0	2	0	0	0	0	0	0	0	0	0	0	0	0	0	1	0	0	0	6	0	0
74920	23 Aug 22	06:44:31	1	0	85	0	Ct	0	1	1	0	0	1	0	0	4	4	1	0	0	0	0	0	0	0	0	0	0	1	0	0	0	0	0	1	2	0	0	1	1	0
74921	23 Aug 22	06:45:24	1	0	85	0	Ct	0	1	0	0	0	0	0	1	0	0	0	0	0	2	0	0	0	0	0	0	0	0	0	0	0	0	0	0	0	0	0	4	0	0
74922	23 Aug 22	06:46:19	1	0	85	0	Ct	0	1	1	0	0	0	0	0	0	0	0	0	0	1	0	0	0	0	0	0	0	0	0	0	0	0	0	1	1	0	0	0	0	0
74923	23 Aug 22	06:47:15	1	0	85	0	Ct	0	1	4	0	0	0	0	0	0	3	0	0	0	1	0	0	1	0	0	0	0	0	0	0	0	0	0	2	0	0	0	0	1	0
74924	23 Aug 22	06:48:10	1	0	85	0	Ct	0	1	0	0	0	0	0	0	0	4	0	0	2	2	4	0	2	0	0	0	0	0	0	0	0	0	0	1	0	0	0	0	0	0
74925	23 Aug 22	06:49:06	1	0	85	0	Ct	0	1	0	0	0	0	0	0	0	0	0	0	1	1	0	0	1	0	0	0	0	2	0	0	0	0	0	1	2	0	0	0	1	0
74926	23 Aug 22	06:50:00	1	0	85	0	Ct	0	1	0	0	0	0	0	0	0	0	0	0	0	1	0	0	1	5	0	0	0	0	0	0	0	0	0	1	0	0	0	0	0	0
74927	23 Aug 22	06:50:56	1	0	85	0	Ct	0	1	0	0	0	1	0	0	0	2	0	0	0	1	0	0	1	1	0	0	0	1	0	0	0	0	0	1	0	0	0	0	0	0
74928	23 Aug 22	06:51:52	1	0	85	0	Ct	0	1	3	0	0	3	0	3	0	0	0	0	0	1	2	0	0	0	0	0	0	5	0	0	0	0	0	2	0	0	6	0	1	0
74929	23 Aug 22	06:52:46	1	0	85	0	Ct	0	1	0	0	0	0	0	0	0	0	0	0	0	0	0	0	2	0	0	0	0	0	0	0	0	0	0	0	1	0	0	2	5	0
74930	23 Aug 22	06:53:41	1	0	85	0	Ct	0	1	2	0	0	0	0	0	0	0	0	0	0	1	0	0	1	0	0	0	0	1	0	0	0	0	0	1	0	0	0	4	1	0
74931	23 Aug 22	06:54:36	1	0	85	0	Ct	0	1	0	0	0	0	0	0	0	0	0	0	1	1	6	0	0	0	0	0	0	0	0	1	0	0	0	2	1	0	0	13	0	0
74932	23 Aug 22	06:55:32	1	0	85	0	Ct	0	1	0	0	0	3	0	2	0	3	0	0	0	1	0	0	3	0	0	0	0	1	0	0	0	0	0	1	2	0	0	0	1	0
74933	23 Aug 22	06:56:28	1	0	85	0	Ct	0	1	0	0	0	1	0	2	0	2	0	0	3	1	0	0	0	2	0	0	0	1	0	0	0	0	0	0	0	0	0	0	0	0
74934	23 Aug 22	06:57:24	1	0	85	0	Ct	0	1	0	0	0	1	0	0	1	4	0	0	0	2	1	0	4	0	0	0	0	1	0	0	0	0	0	0	0	1	4	0	0	0
74935	23 Aug 22	06:58:19	1	0	85	0	Ct	0	1	4	0	0	6	0	0	0	0	0	0	0	0	0	0	0	0	0	0	0	0	0	0	0	0	0	1	1	0	0	11	0	0
74936	23 Aug 22	06:59:13	1	0	85	0	Ct	0	1	7	0	0	0	0	0	0	0	0	0	3	2	0	0	1	0	0	0	0	0	0	2	0	0	0	1	0	1	0	0	0	0
74937	23 Aug 22	07:00:09	1	0	85	0	Ct	0	1	0	0	0	0	0	0	1	0	0	0	3	0	0	0	1	0	0	4	0	1	0	0	0	0	0	1	0	3	0	0	0	0
74938	23 Aug 22	07:01:03	1	0	85	0	Ct	0	1	0	0	0	1	0	0	0	0	0	0	3	0	0	0	2	0	0	0	0	1	0	16	0	0	0	2	0	1	0	2	0	0
74939	23 Aug 22	07:01:59	1	0	85	0	Ct	0	1	0	0	0	1	0	1	0	2	4	0	0	0	0	0	0	0	0	0	0	0	0	0	0	0	0	0	0	1	0	0	1	0
74940	23 Aug 22	07:02:55	1	0	85	0	Ct	0	1	2	0	0	0	0	0	2	0	0	0	2	0	0	0	1	5	0	10	0	1	0	0	0	0	0	0	1	2	0	0	0	0
74941	23 Aug 22	07:03:52	1	0	85	0	Ct	0	1	1	0	0	1	0	0	0	0	1	0	0	2	3	0	0	0	0	0	0	1	0	0	0	0	0	1	0	2	0	3	0	0
74942	23 Aug 22	07:04:46	1	0	85	0	Ct	0	1	0	0	0	3	0	0	9	0	0	0	1	1	0	0	0	1	0	2	0	0	0	0	0	0	0	0	1	1	0	0	0	0
74943	23 Aug 22	07:05:43	1	0	85	0	Ct	0	1	1	0	0	0	0	0	0	0	0	0	0	1	0	0	2	0	0	0	0	3	0	0	0	0	0	0	4	3	0	14	0	0
74944	23 Aug 22	07:06:40	1	0	85	0	Ct	0	1	3	0	0	1	0	0	0	0	0	0	0	1	0	0	0	1	0	0	0	10	0	4	0	0	0	0	0	0	3	6	0	0
74945	23 Aug 22	07:07:34	1	0	85	0	Ct	0	1	4	0	0	0	0	1	0	0	0	0	1	1	0	0	0	0	0	0	0	0	0	0	0	0	0	0	1	2	0	0	0	0
74946	23 Aug 22	07:08:30	1	0	85	0	Ct	0	1	0	0	0	0	0	0	1	0	0	0	0	3	0	0	2	0	0	0	0	0	0	0	0	0	0	0	0	2	0	1	1	0
74947	23 Aug 22	07:09:25	1	0	85	0	Ct	0	1	0	0	0	0	0	0	0	0	0	0	10	1	2	0	2	0	0	0	0	0	0	3	0	0	0	0	2	1	0	0	0	0
74948	23 Aug 22	07:10:20	1	0	85	0	Ct	0	1	1	0	0	0	0	0	0	0	0	0	0	1	0	0	3	0	0	0	0	0	0	0	0	0	0	0	0	1	0	0	0	0
74949	23 Aug 22	07:11:14	1	0	85	0	Ct	0	1	0	0	0	8	0	5	1	0	0	0	1	1	12	0	1	32	0	0	0	2	0	0	0	0	0	0	1	9	0	5	0	0
74950	23 Aug 22	07:12:07	1	0	85	0	Ct	0	1	2	0	0	0	0	0	0	0	0	0	0	1	0	0	3	5	0	0	0	1	0	0	0	0	0	0	0	0	4	1	0	0
74951	23 Aug 22	07:12:59	1	0	85	0	Ct	0	1	0	0	0	1	0	0	0	7	3	1	0	1	6	0	1	0	0	0	0	0	0	0	0	0	0	0	1	0	1	0	0	0
74952	23 Aug 22	07:13:55	1	0	85	0	Ct	0	1	4	0	0	0	0	0	0	0	4	0	1	1	0	1	4	0	0	1	0	15	0	0	0	0	0	0	0	0	3	4	2	0
74953	23 Aug 22	07:14:48	1	0	85	0	Ct	0	1	0	0	0	0	0	0	0	4	1	0	0	1	0	0	2	1	0	0	0	17	0	0	0	5	0	0	0	0	0	0	4	0
74954	23 Aug 22	07:15:42	1	0	85	0	Ct	0	1	0	0	0	1	0	1	0	1	1	0	1	2	0	0	0	0	0	0	0	29	0	27	0	0	0	0	1	0	0	3	0	0
74955	23 Aug 22	07:16:37	1	0	85	0	Ct	0	1	0	0	0	0	0	2	0	8	0	0	1	2	0	0	2	0	0	1	0	9	0	3	0	0	0	0	0	0	1	0	0	0
74956	23 Aug 22	07:17:33	1	0	85	0	Ct	0	1	2	0	0	0	0	0	0	0	3	0	0	1	0	0	0	0	0	1	0	2	0	0	0	0	0	0	1	0	0	2	0	0
74957	23 Aug 22	07:18:29	1	0	85	0	Ct	0	1	4	0	0	0	0	4	0	0	0	0	1	1	0	25	2	0	0	0	0	1	0	0	0	0	0	0	0	0	0	0	0	0
74958	23 Aug 22	07:19:24	1	0	85	0	Ct	0	1	1	0	0	0	0	13	2	2	0	0	0	1	0	0	0	0	0	0	0	0	0	0	0	0	0	0	0	0	0	2	0	0
74959	23 Aug 22	07:20:18	1	0	85	0	Ct	0	1	0	0	0	1	0	0	1	10	0	0	1	0	0	0	1	0	0	0	0	9	0	0	0	0	0	0	0	0	0	2	1	0
74960	23 Aug 22	07:21:10	1	0	85	0	Ct	0	1	0	0	0	1	0	1	1	0	0	0	0	0	0	0	0	0	0	0	0	0	0	0	0	0	0	0	0	0	0	0	0	0
74961	23 Aug 22	07:22:06	1	0	85	0	Ct	0	1	0	0	0	0	0	0	0	0	0	0	0	0	0	0	0	0	0	0	0	1	0	0	0	0	0	0	1	0	0	7	0	0
74962	23 Aug 22	07:22:59	1	0	85	0	Ct	0	1	0	0	0	0	0	0	0	0	0	0	1	0	0	0	0	0	0	6	0	26	0	3	0	0	0	0	0	0	0	0	0	0
74963	23 Aug 22	07:23:54	1	0	85	0	Ct	0	1	1	0	0	1	0	0	1	0	0	0	0	0	0	0	0	0	0	0	0	19	0	0	0	0	0	1	0	0	0	0	0	0
74964	23 Aug 22	07:24:46	1	0	85	0	Ct	0	1	5	0	0	0	0	0	0	0	0	0	0	1	0	0	0	0	0	2	0	33	0	0	0	0	0	3	0	1	0	13	0	0
74965	23 Aug 22	07:25:40	1	0	85	0	Ct	0	1	1	0	0	0	0	0	3	0	0	4	1	0	0	0	0	1	0	1	0	14	0	1	0	1	0	30	0	0	0	1	1	0
74966	23 Aug 22	07:26:32	1	0	85	0	Ct	0	1	0	0	0	0	0	0	1	0	0	0	0	2	0	0	0	0	0	0	0	11	0	0	0	0	0	1	0	0	0	2	0	0
74967	23 Aug 22	07:27:28	1	0	85	0	Ct	0	1	0	0	0	0	0	0	0	0	0	0	1	0	0	0	0	0	0	0	0	15	0	0	0	0	0	1	0	2	0	1	0	0
74968	23 Aug 22	07:28:24	1	0	85	0	Ct	0	1	0	0	0	0	0	0	0	3	0	0	0	1	0	0	0	1	0	5	0	25	0	0	0	0	0	1	0	1	0	5	0	0
74969	23 Aug 22	07:29:18	1	0	85	0	Ct	0	1	0	0	0	1	0	0	0	0	0	0	0	0	0	0	1	0	0	15	0	25	0	0	0	0	0	0	0	1	0	1	0	0
74970	23 Aug 22	07:30:14	1	0	85	0	Ct	0	1	4	0	0	3	0	0	0	0	0	0	0	0	3	0	2	0	0	0	0	9	0	0	0	0	0	1	1	1	0	10	0	0
74971	23 Aug 22	07:31:07	1	0	85	0	Ct	0	1	9	0	0	1	0	0	2	8	0	0	0	0	0	0	1	0	0	2	0	0	0	0	0	0	0	1	0	2	0	8	1	0
74972	23 Aug 22	07:32:01	1	0	85	0	Ct	0	1	0	0	0	1	0	1	0	0	1	0	0	1	0	0	0	0	0	0	0	1	0	0	0	0	0	1	0	1	0	0	0	0
74973	23 Aug 22	07:32:57	1	0	85	0	Ct	0	1	2	0	0	1	0	7	1	0	0	0	1	1	7	0	0	1	0	0	0	0	0	0	0	0	0	2	0	1	2	4	0	0
74974	23 Aug 22	07:33:53	1	0	85	0	Ct	0	1	1	0	0	1	0	2	1	0	0	0	1	0	0	0	0	1	0	0	0	2	0	0	0	4	0	1	0	1	0	3	0	0
74975	23 Aug 22	07:34:47	1	0	85	0	Ct	0	1	0	0	0	0	0	0	1	0	11	0	0	0	0	0	0	0	0	3	0	3	0	0	0	0	0	1	0	1	0	0	0	0
74976	23 Aug 22	07:35:42	1	0	85	0	Ct	0	1	0	0	0	1	0	0	1	1	0	0	0	0	3	0	0	0	0	0	0	1	0	0	0	1	0	1	0	2	1	2	0	0
74977	23 Aug 22	07:36:39	1	0	85	0	Ct	0	1	0	0	0	0	0	0	0	0	0	1	0	0	0	0	1	0	0	1	0	0	0	11	0	0	0	0	2	3	0	0	0	0
74978	23 Aug 22	07:37:34	1	0	85	0	Ct	0	1	0	0	0	3	0	0	1	3	0	0	0	0	0	0	1	0	0	2	0	3	0	0	0	0	0	1	0	2	0	4	0	0
74979	23 Aug 22	07:38:30	1	0	85	0	Ct	0	1	0	0	0	2	0	0	0	0	1	0	0	0	0	0	0	1	0	0	0	0	0	3	0	0	0	2	1	0	0	0	0	0
74980	23 Aug 22	07:39:26	1	0	85	0	Ct	0	1	0	0	0	1	0	0	0	1	0	0	0	0	1	0	1	0	0	5	0	0	0	18	0	0	0	1	0	1	0	0	0	0
74981	23 Aug 22	07:40:22	1	0	85	0	Ct	0	1	0	0	0	1	0	0	0	0	1	0	1	0	0	0	0	0	0	5	0	0	0	2	0	0	0	3	2	1	0	0	0	0
74982	23 Aug 22	07:41:16	1	0	85	0	Ct	0	1	1	0	0	1	0	0	0	7	0	0	1	1	0	0	2	1	0	3	0	3	0	0	0	0	0	1	1	1	0	0	0	0
74983	23 Aug 22	07:42:11	1	0	85	0	Ct	0	1	3	0	0	3	0	0	0	19	0	0	0	1	0	0	4	0	0	1	0	1	0	0	0	0	0	1	0	2	0	0	0	0
74984	23 Aug 22	07:43:07	1	0	85	0	Ct	0	1	1	0	0	0	0	0	1	0	0	0	1	0	0	0	0	0	0	0	0	1	0	0	0	0	0	1	0	0	0	1	0	0
74985	23 Aug 22	07:44:01	1	0	85	0	Ct	0	1	0	0	0	1	0	1	0	0	0	0	0	2	0	0	1	0	0	0	0	2	0	0	0	0	0	0	0	0	0	0	0	0
74986	23 Aug 22	07:44:58	1	0	85	0	Ct	0	1	1	0	0	1	0	0	1	0	1	0	1	0	0	0	1	0	0	0	0	2	0	0	0	0	0	1	0	0	0	9	0	0
74987	23 Aug 22	07:45:54	1	0	85	0	Ct	0	1	0	0	0	0	0	0	1	0	2	0	0	0	0	0	0	0	0	0	0	0	0	0	0	0	0	0	1	0	0	2	0	0
74988	23 Aug 22	07:46:50	1	0	85	0	Ct	0	1	1	0	0	1	0	0	0	0	0	0	1	1	0	0	2	0	0	0	0	3	0	0	0	0	0	7	0	0	0	4	0	0
74989	23 Aug 22	07:47:46	1	0	85	0	Ct	0	1	0	0	0	0	0	0	2	0	5	0	0	1	0	0	1	0	0	1	0	0	0	0	0	0	0	0	0	0	0	2	1	0
74990	23 Aug 22	07:48:42	1	0	85	0	Ct	0	1	0	0	0	0	0	0	1	0	2	0	12	1	0	0	3	1	0	0	0	2	0	0	0	1	0	0	0	0	0	0	0	0
74991	23 Aug 22	07:49:35	1	0	85	0	Ct	0	1	0	0	0	0	0	0	0	0	1	0	31	1	0	0	1	1	0	1	0	0	0	0	0	2	0	1	0	0	0	3	0	0
74992	23 Aug 22	07:50:30	1	0	85	0	Ct	0	1	0	0	0	0	0	1	0	0	1	0	36	2	0	0	0	0	0	1	0	1	0	0	0	0	0	2	1	0	0	2	0	0
74993	23 Aug 22	07:51:26	1	0	85	0	Ct	0	1	0	0	0	1	0	0	1	0	1	0	36	0	0	0	1	0	0	0	0	0	0	0	0	0	0	26	0	10	0	1	1	0
74994	23 Aug 22	07:52:24	1	0	85	0	Ct	0	1	0	0	0	1	0	0	1	0	1	0	16	0	0	0	3	0	0	2	0	3	0	8	0	0	0	11	0	0	0	12	0	0
74995	23 Aug 22	07:53:17	1	0	85	0	Ct	0	1	0	0	0	1	0	0	0	0	0	8	0	0	0	0	1	0	0	1	0	1	0	6	0	3	0	1	0	0	0	4	0	0
74996	23 Aug 22	07:54:12	1	0	85	0	Ct	0	1	4	0	0	1	0	0	0	0	1	0	0	2	0	0	2	0	0	1	0	1	0	19	0	0	0	1	0	2	0	19	0	0
74997	23 Aug 22	07:55:06	1	0	85	0	Ct	0	1	3	0	0	0	0	0	1	0	1	0	0	2	0	0	0	2	0	1	0	0	0	9	0	0	0	1	0	0	0	18	0	0
74998	23 Aug 22	07:56:03	1	0	85	0	Ct	0	1	1	0	0	0	0	0	0	0	0	0	0	0	0	1	2	0	0	1	0	1	0	0	0	0	0	1	2	0	0	7	0	0
74999	23 Aug 22	07:57:00	1	0	85	0	Ct	0	1	0	0	0	0	0	0	0	0	2	0	0	2	0	0	0	0	0	0	0	0	0	0	0	0	0	0	0	0	0	0	1	0
75000	23 Aug 22	07:57:55	1	0	85	0	Ct	0	1	2	0	0	0	0	1	0	1	0	0	0	1	0	0	2	0	0	0	0	2	0	0	0	0	0	4	0	0	0	0	0	0
75001	23 Aug 22	07:58:52	1	0	85	0	Ct	0	1	0	0	0	0	0	0	0	0	1	0	0	2	0	0	1	0	0	0	0	0	0	0	0	4	0	31	0	0	0	0	0	0
75002	23 Aug 22	07:59:48	1	0	85	0	Ct	0	1	0	0	0	0	0	1	0	1	1	0	0	2	0	9	2	0	0	0	0	1	0	0	0	0	0	4	0	0	0	0	1	0
75003	23 Aug 22	08:00:41	1	0	85	0	Ct	0	1	0	0	0	0	0	0	0	14	0	0	0	3	0	1	0	1	0	2	0	16	0	0	0	0	0	0	0	1	0	0	0	0
75004	23 Aug 22	08:01:36	1	0	85	0	Ct	0	1	0	0	0	2	0	0	0	0	2	0	0	3	0	0	1	0	0	15	0	0	0	0	0	3	0	2	0	0	0	0	0	0
75005	23 Aug 22	08:02:32	1	0	85	0	Ct	0	1	0	0	0	2	0	0	0	1	1	0	12	1	0	0	0	0	0	2	0	1	0	0	0	0	0	2	0	0	0	0	1	0
75006	23 Aug 22	08:03:28	1	0	85	0	Ct	0	1	0	0	0	3	0	0	2	1	1	0	0	2	0	0	0	0	0	0	0	0	0	0	0	0	0	2	0	0	0	2	0	0
75007	23 Aug 22	08:04:23	1	0	85	0	Ct	0	1	0	0	0	5	0	0	0	3	1	0	0	0	0	0	0	0	0	10	0	1	0	0	0	0	0	1	0	0	0	0	0	0
75008	23 Aug 22	08:05:19	1	0	85	0	Ct	0	1	3	0	0	3	0	0	2	1	0	0	0	1	0	0	0	0	0	0	0	2	0	0	0	0	0	2	0	0	0	2	1	0
75009	23 Aug 22	08:06:12	1	0	85	0	Ct	0	1	11	0	0	4	0	0	1	5	1	1	1	0	1	0	0	0	0	0	0	1	0	0	0	0	0	0	0	0	0	5	0	0
75010	23 Aug 22	08:07:09	1	0	85	0	Ct	0	1	0	0	0	2	0	0	0	7	1	0	0	2	0	0	0	1	0	0	0	0	0	0	0	0	0	0	0	0	0	0	0	0
75011	23 Aug 22	08:08:05	1	0	85	0	Ct	0	1	0	0	0	3	0	0	1	2	0	0	1	2	0	0	0	0	0	0	0	5	0	0	0	0	0	1	0	1	0	0	1	0
75012	23 Aug 22	08:09:00	1	0	85	0	Ct	0	1	0	0	0	3	0	0	0	3	1	0	0	2	0	0	0	0	0	0	0	0	0	0	0	0	0	3	0	0	0	1	0	0
75013	23 Aug 22	08:09:55	1	0	85	0	Ct	0	1	0	0	0	3	0	0	1	0	0	0	1	1	0	0	0	1	0	0	0	2	0	0	0	0	0	1	1	0	0	0	1	0
75014	23 Aug 22	08:10:53	1	0	85	0	Ct	0	1	4	0	0	2	0	0	1	0	0	0	2	0	0	0	2	0	0	0	0	9	0	0	0	1	0	1	0	2	0	5	1	0
75015	23 Aug 22	08:11:49	1	0	85	0	Ct	0	1	4	0	0	6	0	1	1	2	0	0	4	2	0	0	0	0	0	0	0	0	0	0	0	0	0	1	0	2	0	4	1	0
75016	23 Aug 22	08:12:43	1	0	85	0	Ct	0	1	0	0	0	4	0	0	0	0	1	0	3	1	0	0	5	0	0	0	0	0	0	0	0	0	0	2	0	2	0	1	0	0
75017	23 Aug 22	08:13:39	1	0	85	0	Ct	0	1	0	0	0	3	0	0	1	1	0	0	1	1	0	0	2	0	0	0	0	7	0	0	0	0	0	1	0	1	0	0	1	0
75018	23 Aug 22	08:14:33	1	0	85	0	Ct	0	1	0	0	0	5	0	0	1	1	0	0	0	1	0	0	1	0	0	1	0	1	0	0	0	0	0	2	1	1	0	0	1	0
75019	23 Aug 22	08:15:29	1	0	85	0	Ct	0	1	18	0	0	2	0	1	1	0	0	0	0	2	0	0	0	0	0	1	0	0	0	0	0	1	0	0	0	2	0	0	1	0
75020	23 Aug 22	08:16:25	1	0	85	0	Ct	0	1	2	0	0	3	0	0	0	1	0	0	0	1	0	0	2	0	0	3	0	0	0	0	0	3	0	0	0	0	0	0	1	0
75021	23 Aug 22	08:17:18	1	0	85	0	Ct	0	1	0	0	0	4	0	0	0	16	0	0	1	3	0	0	1	0	0	0	0	0	0	0	0	0	0	2	0	2	0	0	0	0
75022	23 Aug 22	08:18:15	1	0	85	0	Ct	0	1	3	0	0	5	0	0	1	0	0	0	1	2	5	0	0	0	0	0	0	2	0	0	0	2	0	0	0	1	0	0	1	0
75023	23 Aug 22	08:19:10	1	0	85	0	Ct	0	1	1	0	0	0	0	0	0	0	0	0	0	2	2	0	1	2	0	0	0	3	0	0	0	0	0	0	0	3	0	0	1	0
75024	23 Aug 22	08:20:06	1	0	85	0	Ct	0	1	0	0	0	0	0	0	1	1	0	0	0	3	0	0	0	0	0	0	0	1	0	0	0	4	0	0	0	2	0	0	4	0
75025	23 Aug 22	08:21:03	1	0	85	0	Ct	0	1	0	0	0	0	0	0	0	21	0	0	2	3	0	0	0	0	0	0	0	0	0	0	0	0	0	0	0	1	0	0	0	0
75026	23 Aug 22	08:21:59	1	0	85	0	Ct	0	1	0	0	0	0	0	0	0	0	0	0	1	2	0	0	1	1	0	0	0	3	0	0	0	0	0	2	0	0	0	0	0	0
75027	23 Aug 22	08:22:51	1	0	85	0	Ct	0	1	0	0	0	0	0	0	0	0	0	0	1	2	0	2	0	0	0	0	0	0	0	0	0	0	0	0	0	3	0	0	0	0
75028	23 Aug 22	08:23:47	1	0	85	0	Ct	0	1	0	0	0	0	0	1	0	0	0	10	2	3	0	0	0	0	0	1	0	1	0	0	0	0	0	3	0	0	0	0	2	0
75029	23 Aug 22	08:24:39	1	0	85	0	Ct	0	1	0	0	0	0	0	0	0	0	0	0	0	1	3	4	0	0	0	0	0	0	0	0	0	0	0	0	0	0	0	0	1	0
75030	23 Aug 22	08:25:33	1	0	85	0	Ct	0	1	0	0	0	0	0	0	0	0	0	1	1	2	3	0	1	0	0	1	0	0	0	0	0	0	0	1	0	1	0	0	1	0
75031	23 Aug 22	08:26:28	1	0	85	0	Ct	0	1	0	0	0	0	0	0	0	0	0	0	0	2	0	0	1	0	0	0	0	0	0	0	0	0	0	0	0	1	0	0	2	0
75032	23 Aug 22	08:27:23	1	0	85	0	Ct	0	1	0	0	0	0	0	0	0	0	0	0	1	2	0	0	1	1	0	0	0	1	0	0	0	6	0	0	0	1	0	0	2	0
75033	23 Aug 22	08:28:20	1	0	85	0	Ct	0	1	0	0	0	0	0	0	0	0	0	0	0	3	0	0	1	0	0	28	0	1	0	0	0	0	0	1	0	0	0	0	1	0
75034	23 Aug 22	08:29:15	1	0	85	0	Ct	0	1	0	0	0	0	0	0	0	1	0	0	0	2	1	0	1	0	0	0	0	0	0	0	0	0	0	0	0	0	0	0	0	0
75035	23 Aug 22	08:30:09	1	0	85	0	Ct	0	1	1	0	0	0	0	0	1	0	0	0	2	2	0	0	1	0	0	1	0	1	0	0	0	0	0	0	0	0	0	0	0	0
75036	23 Aug 22	08:31:05	1	0	85	0	Ct	0	1	0	0	0	0	0	0	0	2	1	0	2	2	0	0	2	0	0	0	0	0	0	0	0	3	0	1	0	0	0	0	0	0
75037	23 Aug 22	08:31:59	1	0	85	0	Ct	0	1	1	17	0	0	0	1	0	0	0	0	3	0	1	0	1	1	0	0	0	0	0	0	0	0	0	0	0	0	0	0	0	0
75038	23 Aug 22	08:32:55	1	0	85	0	Ct	0	1	0	2	0	0	0	0	0	0	0	0	0	3	1	0	0	0	0	0	0	2	0	0	0	0	0	0	2	0	0	0	0	0
75039	23 Aug 22	08:33:47	1	0	85	0	Ct	0	1	3	0	0	0	0	0	0	0	0	0	6	2	2	0	0	0	0	1	0	0	0	0	0	0	0	0	0	0	0	0	0	0
75040	23 Aug 22	08:34:42	1	0	85	0	Ct	0	1	3	0	0	0	0	0	0	2	0	0	7	2	0	0	1	0	0	0	0	0	0	3	0	0	0	0	0	0	0	0	0	0
75041	23 Aug 22	08:35:36	1	0	85	0	Ct	0	1	0	0	0	4	0	0	1	3	0	0	44	1	0	0	0	0	0	2	0	2	0	0	0	0	0	0	0	0	0	0	0	0
75042	23 Aug 22	08:36:31	1	0	85	0	Ct	0	1	1	1	0	0	0	0	1	12	0	0	33	1	5	0	2	0	0	1	0	0	0	0	0	5	0	1	0	0	0	0	0	0
75043	23 Aug 22	08:37:27	1	0	85	0	Ct	0	1	0	0	0	0	0	0	0	1	1	0	0	2	0	0	1	0	0	0	0	0	0	0	0	0	0	0	0	0	0	0	1	0
75044	23 Aug 22	08:38:24	1	0	85	0	Ct	0	1	1	0	0	0	0	0	0	0	0	0	0	1	0	0	1	0	0	1	0	2	0	0	0	0	0	1	1	0	0	0	27	0
75045	23 Aug 22	08:39:20	1	0	85	0	Ct	0	1	0	0	0	0	0	0	1	1	0	0	0	1	0	0	0	2	0	5	0	2	0	0	0	1	0	0	0	0	0	0	0	0
75046	23 Aug 22	08:40:17	1	0	85	0	Ct	0	1	6	0	0	0	0	0	0	0	0	0	0	1	0	0	1	0	0	0	0	1	0	0	0	1	0	0	1	0	0	0	0	0
75047	23 Aug 22	08:41:11	1	0	85	0	Ct	0	1	1	0	0	0	0	0	0	0	0	0	0	1	0	0	1	0	0	1	0	2	0	0	0	0	0	1	0	0	0	0	0	0
75048	23 Aug 22	08:42:06	1	0	85	0	Ct	0	1	0	0	0	0	0	0	0	0	0	0	1	0	0	0	0	0	0	3	0	1	0	0	0	0	0	1	0	0	0	0	0	0
75049	23 Aug 22	08:43:00	1	0	85	0	Ct	0	1	0	0	0	0	0	5	0	0	0	0	1	4	0	0	2	3	0	4	0	2	0	0	0	0	0	1	0	0	0	0	1	0
75050	23 Aug 22	08:43:53	1	0	85	0	Ct	0	1	0	0	0	0	0	0	0	0	0	0	0	2	0	0	1	0	0	0	0	0	0	0	0	0	0	1	0	0	0	0	0	0
75051	23 Aug 22	08:44:47	1	0	85	0	Ct	0	1	2	0	0	0	0	0	0	0	0	0	0	1	0	0	0	0	0	7	0	5	0	0	0	0	0	0	0	0	0	0	0	0
75052	23 Aug 22	08:45:44	1	0	85	0	Ct	0	1	0	0	0	0	0	0	0	0	0	0	1	1	1	0	0	0	0	0	0	0	0	0	0	0	0	2	1	0	0	0	1	0
75053	23 Aug 22	08:46:39	1	0	85	0	Ct	0	1	2	0	0	0	0	0	0	0	0	0	0	1	0	0	0	0	0	1	0	0	0	0	0	0	0	2	0	0	0	0	0	0
75054	23 Aug 22	08:47:33	1	0	85	0	Ct	0	1	0	0	0	1	0	0	0	0	0	0	1	2	0	0	0	0	0	1	0	0	0	0	0	0	0	1	1	0	0	0	1	0
75055	23 Aug 22	08:48:27	1	0	85	0	Ct	0	1	0	0	0	3	0	1	1	0	0	0	9	1	0	0	0	8	0	0	0	2	0	0	0	0	0	0	0	0	0	0	1	0
75056	23 Aug 22	08:49:23	1	0	85	0	Ct	0	1	0	0	0	0	0	0	0	0	0	0	0	3	0	0	0	0	0	1	0	0	0	6	0	0	0	1	12	0	0	0	2	0
75057	23 Aug 22	08:50:18	1	0	85	0	Ct	0	1	0	0	0	0	0	1	0	0	0	0	1	1	0	1	0	1	0	1	0	1	0	1	0	0	0	0	7	0	0	0	2	0
75058	23 Aug 22	08:51:14	1	0	85	0	Ct	0	1	0	0	0	5	0	0	0	0	1	0	2	2	0	0	0	0	0	1	0	0	0	0	0	0	0	1	5	0	8	0	1	0
75059	23 Aug 22	08:52:07	1	0	85	0	Ct	0	1	0	0	0	2	0	0	0	0	0	0	1	1	0	1	0	0	0	0	0	0	0	0	0	0	0	1	2	0	0	0	1	0
75060	23 Aug 22	08:53:02	1	0	85	0	Ct	0	1	0	0	0	5	0	0	0	0	0	0	1	0	0	15	0	1	0	0	0	0	0	0	0	0	0	0	1	1	0	0	2	0
75061	23 Aug 22	08:53:56	1	0	85	0	Ct	0	1	0	0	0	1	0	0	0	0	0	0	1	2	0	0	0	0	0	0	0	0	0	1	0	0	0	1	1	0	0	0	2	0
75062	23 Aug 22	08:54:52	1	0	85	0	Ct	0	1	0	15	0	4	0	0	0	0	1	0	0	1	4	2	0	1	0	0	0	0	0	4	0	0	0	1	0	0	0	0	2	0
75063	23 Aug 22	08:55:47	1	0	85	0	Ct	0	1	0	14	0	4	0	0	0	0	0	23	1	2	0	4	1	0	0	0	0	0	0	0	0	0	0	1	0	5	0	0	1	0
75064	23 Aug 22	08:56:41	1	0	85	0	Ct	0	1	0	0	0	3	0	0	1	0	0	1	0	1	0	0	0	0	0	0	0	0	0	0	0	0	0	1	2	0	2	0	2	0
75065	23 Aug 22	08:57:37	1	0	85	0	Ct	0	1	0	5	0	3	0	0	0	0	0	1	1	1	0	0	1	2	0	1	0	0	0	0	0	0	0	2	0	4	0	0	0	0
75066	23 Aug 22	08:58:32	1	0	85	0	Ct	0	1	10	0	0	3	0	0	2	0	0	0	1	2	0	0	2	0	0	1	0	0	0	0	0	0	0	1	0	4	0	0	0	0
75067	23 Aug 22	08:59:29	1	0	85	0	Ct	0	1	0	0	0	3	0	11	0	3	1	0	1	2	5	0	2	0	0	0	0	0	0	0	0	0	0	2	1	1	0	0	1	0
75068	23 Aug 22	09:00:24	1	0	85	0	Ct	0	1	1	0	0	0	0	0	0	1	1	0	1	1	0	0	0	0	0	2	0	56	0	0	0	0	0	1	0	1	0	0	2	0
75069	23 Aug 22	09:01:20	1	0	85	0	Ct	0	1	0	10	0	2	0	2	0	0	1	0	0	1	0	0	0	0	0	1	0	33	0	0	0	0	0	0	0	0	0	0	2	0
75070	23 Aug 22	09:02:14	1	0	85	0	Ct	0	1	0	7	0	2	0	0	0	10	1	0	2	2	0	0	0	3	0	0	0	0	0	0	0	0	0	1	0	0	0	0	1	0
75071	23 Aug 22	09:03:06	1	0	85	0	Ct	0	1	0	0	0	3	0	1	0	0	2	0	1	1	9	0	0	0	0	0	0	1	0	0	0	1	0	0	0	0	0	0	1	0
75072	23 Aug 22	09:04:00	1	0	85	0	Ct	0	1	0	0	0	0	0	6	0	1	0	0	0	1	0	0	0	0	0	0	0	1	0	0	0	0	0	1	2	0	0	5	0	0
75073	23 Aug 22	09:04:55	1	0	85	0	Ct	0	1	18	0	0	0	0	6	0	0	1	0	2	1	0	0	2	0	0	3	0	0	0	0	0	0	0	0	0	0	0	2	0	0
75074	23 Aug 22	09:05:51	1	0	85	0	Ct	0	1	0	0	0	0	0	0	1	8	1	0	0	2	1	0	0	0	0	1	0	1	0	2	0	0	0	1	0	0	2	2	1	0
75075	23 Aug 22	09:06:45	1	0	85	0	Ct	0	1	0	0	0	0	0	6	1	4	0	4	1	0	0	0	0	0	0	0	0	9	0	2	0	0	0	0	0	0	0	9	0	0
75076	23 Aug 22	09:07:40	1	0	85	0	Ct	0	1	14	0	0	2	0	0	21	0	1	1	1	1	0	0	1	0	0	0	0	0	0	0	0	0	0	0	1	0	0	0	1	0
75077	23 Aug 22	09:08:35	1	0	85	0	Ct	0	1	1	0	0	0	0	0	2	6	0	0	1	2	0	0	0	0	0	0	0	0	0	0	0	0	0	6	0	0	0	0	2	0
75078	23 Aug 22	09:09:30	1	0	85	0	Ct	0	1	0	0	0	0	0	0	0	10	1	0	1	2	0	0	0	0	0	0	0	0	0	14	0	0	0	1	1	0	0	0	1	0
75079	23 Aug 22	09:10:25	1	0	85	0	Ct	0	1	0	0	0	0	0	0	0	1	1	0	2	1	0	0	0	0	0	0	0	0	0	6	0	1	0	0	0	0	2	0	2	0
75080	23 Aug 22	09:11:19	1	0	85	0	Ct	0	1	0	11	0	0	0	0	0	1	0	0	1	1	0	0	1	0	0	0	0	1	0	0	0	0	0	0	0	0	1	15	0	0
75081	23 Aug 22	09:12:15	1	0	85	0	Ct	0	1	0	1	0	0	0	1	0	0	1	0	1	1	0	0	0	9	0	0	0	1	0	0	0	0	0	0	1	0	0	0	1	0
75082	23 Aug 22	09:13:11	1	0	85	0	Ct	0	1	6	0	0	0	0	6	0	3	0	0	2	0	0	0	1	2	0	4	0	1	0	0	0	0	0	0	3	1	0	0	1	0
75083	23 Aug 22	09:14:04	1	0	85	0	Ct	0	1	2	0	0	2	0	0	0	0	0	0	1	2	0	0	0	0	0	9	0	0	0	0	0	0	0	0	2	0	0	2	1	0
75084	23 Aug 22	09:14:59	1	0	85	0	Ct	0	1	0	0	0	1	0	0	0	2	0	0	1	1	0	0	0	0	0	0	0	3	0	0	0	0	0	0	1	1	0	0	1	0
75085	23 Aug 22	09:15:54	1	0	85	0	Ct	0	1	0	0	0	0	0	0	0	7	0	0	1	0	0	0	0	0	0	6	0	2	0	0	0	0	0	3	0	1	0	0	1	0
75086	23 Aug 22	09:16:50	1	0	85	0	Ct	0	1	0	0	0	0	0	0	2	0	4	0	3	1	0	0	1	0	0	2	0	0	0	0	0	0	0	1	0	1	0	4	0	0
75087	23 Aug 22	09:17:46	1	0	85	0	Ct	0	1	4	0	0	0	0	0	1	0	0	0	0	1	0	0	0	1	0	0	0	0	0	0	0	0	0	1	1	2	0	2	1	0
75088	23 Aug 22	09:18:40	1	0	85	0	Ct	0	1	0	0	0	0	0	0	0	0	0	0	1	2	0	0	1	0	0	0	0	0	0	0	0	0	0	0	0	2	0	0	1	0
75089	23 Aug 22	09:19:35	1	0	85	0	Ct	0	1	2	0	0	0	0	1	1	0	0	0	1	0	1	0	1	0	0	0	0	0	0	0	0	0	0	0	0	1	0	0	0	0
75090	23 Aug 22	09:20:32	1	0	85	0	Ct	0	1	0	2	0	0	0	0	1	0	0	0	1	0	0	0	1	0	0	0	0	3	0	0	0	0	0	1	0	3	0	0	0	0
75091	23 Aug 22	09:21:27	1	0	85	0	Ct	0	1	0	0	0	0	0	0	0	1	0	0	1	1	0	0	1	0	0	0	0	0	0	0	0	0	0	0	0	1	0	0	1	0
75092	23 Aug 22	09:22:22	1	0	85	0	Ct	0	1	0	1	0	0	0	0	1	0	0	0	1	0	3	0	0	0	0	0	0	0	0	0	0	0	0	1	0	1	0	0	1	0
75093	23 Aug 22	09:23:17	1	0	85	0	Ct	0	1	0	0	0	0	0	0	1	0	1	0	3	0	6	0	2	0	0	0	0	0	0	0	0	0	0	0	0	2	0	5	1	0
75094	23 Aug 22	09:24:13	1	0	85	0	Ct	0	1	0	0	0	0	0	1	0	1	1	0	1	0	0	0	1	0	0	1	0	0	0	0	0	0	0	0	1	0	0	0	2	0
75095	23 Aug 22	09:25:08	1	0	85	0	Ct	0	1	0	0	0	4	0	0	1	0	2	0	1	0	0	0	0	0	0	0	0	3	0	0	0	0	0	1	0	0	0	0	1	0
75096	23 Aug 22	09:26:02	1	0	85	0	Ct	0	1	0	0	0	0	0	0	0	5	0	0	2	2	0	0	1	0	0	0	0	0	0	2	0	0	0	2	0	1	0	1	2	0
75097	23 Aug 22	09:26:56	1	0	85	0	Ct	0	1	0	0	0	0	0	0	1	3	1	1	2	0	0	0	0	0	0	0	0	0	0	0	0	0	0	1	0	1	0	0	0	0
75098	23 Aug 22	09:27:51	1	0	85	0	Ct	0	1	3	0	0	0	0	0	2	7	0	2	1	0	1	0	0	0	0	0	0	1	0	0	0	0	0	1	0	1	0	0	1	0
75099	23 Aug 22	09:28:48	1	0	85	0	Ct	0	1	1	0	0	0	0	0	1	0	0	3	1	0	1	3	7	0	0	0	0	0	0	0	0	0	0	0	0	1	0	8	0	0
75100	23 Aug 22	09:29:43	1	0	85	0	Ct	0	1	0	0	0	0	0	0	0	0	2	1	3	0	0	0	1	1	0	8	0	1	0	0	0	0	0	1	0	2	0	0	1	0
75101	23 Aug 22	09:30:40	1	0	85	0	Ct	0	1	1	0	0	0	0	0	1	0	0	3	1	0	0	4	12	0	0	0	0	0	0	5	0	0	0	1	0	1	0	4	0	0
75102	23 Aug 22	09:31:34	1	0	85	0	Ct	0	1	0	0	0	2	0	0	2	0	0	0	2	0	0	0	0	0	0	0	0	0	0	9	0	0	0	0	0	1	0	6	1	0
75103	23 Aug 22	09:32:27	1	0	85	0	Ct	0	1	1	0	0	0	0	0	1	0	0	0	1	0	0	0	1	1	0	0	0	0	0	2	0	0	0	2	0	2	0	2	1	0
75104	23 Aug 22	09:33:23	1	0	85	0	Ct	0	1	0	0	0	0	0	0	1	0	0	0	2	0	0	0	2	0	0	2	0	0	0	0	0	0	0	0	0	0	0	0	1	0
75105	23 Aug 22	09:34:17	1	0	85	0	Ct	0	1	1	0	0	0	0	0	0	0	0	0	1	0	0	0	1	2	0	0	0	0	0	0	0	0	0	1	0	0	0	4	1	0
75106	23 Aug 22	09:35:12	1	0	85	0	Ct	0	1	0	0	0	0	0	7	1	0	2	0	1	0	0	0	2	1	0	0	0	0	0	8	0	0	0	2	0	0	0	0	1	0
75107	23 Aug 22	09:36:08	1	0	85	0	Ct	0	1	3	0	0	0	0	2	1	0	0	0	1	0	0	0	1	0	0	0	0	0	0	10	0	0	0	0	0	0	0	3	1	0
75108	23 Aug 22	09:37:04	1	0	85	0	Ct	0	1	0	0	0	0	0	0	1	0	0	0	1	0	0	0	2	0	0	0	0	0	0	0	0	0	0	0	1	1	0	0	1	0
75109	23 Aug 22	09:37:59	1	0	85	0	Ct	0	1	5	0	0	0	0	1	2	0	0	0	2	1	0	0	2	0	0	1	0	0	0	3	0	0	0	0	0	1	0	4	2	0
75110	23 Aug 22	09:38:55	1	0	85	0	Ct	0	1	2	0	0	0	0	0	1	0	0	0	0	3	0	0	2	0	0	3	0	0	0	16	0	0	0	2	0	1	0	6	0	0
75111	23 Aug 22	09:39:51	1	0	85	0	Ct	0	1	0	0	0	0	0	0	1	0	0	0	1	0	1	0	0	0	0	1	0	0	0	23	0	0	0	1	0	1	0	1	0	0
75112	23 Aug 22	09:40:48	1	0	85	0	Ct	0	1	0	0	0	0	0	0	0	0	0	0	0	1	0	0	1	0	0	0	0	0	0	0	0	4	0	0	0	0	0	0	0	0
75113	23 Aug 22	09:41:42	1	0	85	0	Ct	0	1	0	0	0	0	0	0	2	0	0	0	1	1	6	0	0	0	0	0	0	0	0	4	0	0	0	2	0	0	0	4	1	0
75114	23 Aug 22	09:42:38	1	0	85	0	Ct	0	1	9	0	0	0	0	0	1	2	0	0	1	1	0	0	0	1	0	3	0	2	0	9	0	3	0	1	0	0	0	4	1	0
75115	23 Aug 22	09:43:32	1	0	85	0	Ct	0	1	0	0	0	0	0	0	2	4	0	0	1	1	0	1	0	4	0	0	0	3	0	0	0	0	0	2	0	0	0	0	0	0
75116	23 Aug 22	09:44:24	1	0	85	0	Ct	0	1	1	0	0	0	0	0	1	4	0	0	1	0	5	0	0	0	0	2	0	0	0	5	0	0	0	1	2	0	0	1	2	0
75117	23 Aug 22	09:45:17	1	0	85	0	Ct	0	1	2	0	0	0	0	0	1	0	0	0	1	0	0	0	0	0	0	3	0	0	0	0	0	0	0	1	0	0	0	0	1	0
75118	23 Aug 22	09:46:12	1	0	85	0	Ct	0	1	0	0	0	0	0	0	0	5	0	0	2	0	0	1	0	1	0	0	0	0	0	0	0	0	0	0	0	0	0	0	1	0
75119	23 Aug 22	09:47:05	1	0	85	0	Ct	0	1	3	0	0	0	0	0	2	7	1	0	1	1	0	0	0	0	0	0	0	3	0	0	0	0	0	0	0	0	0	2	1	0
75120	23 Aug 22	09:48:02	1	0	85	0	Ct	0	1	8	0	0	0	0	0	0	0	0	0	3	0	0	0	0	0	0	1	0	0	0	0	0	0	0	1	0	0	0	0	0	0
75121	23 Aug 22	09:48:58	1	0	85	0	Ct	0	1	0	0	0	0	0	0	1	0	0	0	2	2	0	0	0	0	0	0	0	7	0	0	0	0	0	3	0	0	0	6	1	0
75122	23 Aug 22	09:49:53	1	0	85	0	Ct	0	1	0	0	0	0	0	0	2	5	0	0	2	2	0	0	0	1	0	2	0	0	0	0	0	2	0	1	1	0	0	6	0	0
75123	23 Aug 22	09:50:49	1	0	85	0	Ct	0	1	0	0	0	0	0	0	1	0	0	0	2	2	0	0	0	0	0	0	0	0	0	1	0	2	0	0	0	0	0	0	1	0
75124	23 Aug 22	09:51:44	1	0	85	0	Ct	0	1	0	0	0	0	0	0	1	2	0	0	0	1	0	0	0	0	0	1	0	0	0	0	0	0	0	1	0	0	0	2	2	0
75125	23 Aug 22	09:52:40	1	0	85	0	Ct	0	1	0	0	0	0	0	0	0	1	1	0	2	0	14	0	4	0	0	0	0	0	0	0	0	0	0	0	0	0	0	0	1	0
75126	23 Aug 22	09:53:36	1	0	85	0	Ct	0	1	0	0	0	0	0	2	1	0	0	0	2	0	0	0	0	0	0	4	0	0	0	0	0	0	0	1	1	0	0	0	1	0
75127	23 Aug 22	09:54:32	1	0	85	0	Ct	0	1	0	0	0	0	0	0	1	0	0	0	2	0	0	0	0	0	0	0	0	1	0	0	0	0	0	0	0	0	0	0	1	0
75128	23 Aug 22	09:55:28	1	0	85	0	Ct	0	1	9	0	0	0	0	0	1	4	0	0	2	1	0	0	0	3	0	1	0	0	0	0	0	0	0	1	0	0	0	0	3	0
75129	23 Aug 22	09:56:22	1	0	85	0	Ct	0	1	3	0	0	0	0	0	2	0	0	0	1	1	0	0	1	0	0	1	0	4	0	0	0	4	0	0	0	0	0	0	0	0
75130	23 Aug 22	09:57:16	1	0	85	0	Ct	0	1	1	0	0	0	0	0	1	0	0	0	1	2	0	0	0	0	0	1	0	6	0	0	0	0	0	0	0	2	0	0	1	0
75131	23 Aug 22	09:58:07	1	0	85	0	Ct	0	1	3	0	0	0	0	1	1	0	0	0	1	1	0	0	1	7	0	2	0	0	0	2	0	0	0	0	0	0	0	0	0	0
75132	23 Aug 22	09:58:49	1	0	85	0	Ct	0	1	0	0	0	0	0	0	1	0	0	0	0	2	0	0	0	0	0	0	0	0	0	0	0	1	0	0	0	0	0	5	0	0
75133	23 Aug 22	09:59:21	1	0	85	0	Ct	0	1	2	0	0	0	0	0	1	0	0	0	0	1	0	0	0	0	0	1	0	6	0	0	0	1	0	1	0	0	0	0	0	0
75134	23 Aug 22	09:59:53	1	0	85	0	Ct	0	1	0	0	0	0	0	0	0	0	0	0	0	2	0	0	0	0	0	0	0	0	0	0	0	0	0	1	0	1	0	0	0	0
75135	23 Aug 22	10:00:25	1	0	85	0	Ct	0	1	0	0	0	0	0	0	0	0	0	0	1	0	0	0	0	0	0	0	0	4	0	0	0	0	0	1	0	1	0	0	0	0
75136	23 Aug 22	10:00:58	1	0	85	0	Ct	0	1	27	4	0	2	0	28	24	19	10	6	4	16	0	3	4	3	41	1	0	4	0	2	0	4	0	16	1	5	5	7	1	0
75137	23 Aug 22	10:01:30	1	0	85	0	Ct	0	1	1	1	0	0	0	1	2	1	2	1	1	2	0	2	1	3	0	2	0	3	0	2	0	0	0	1	2	3	5	2	1	0
75138	23 Aug 22	10:02:02	1	0	85	0	Ct	0	1	1	1	0	0	0	2	3	1	0	1	3	0	0	0	0	3	0	1	0	0	0	2	0	0	0	0	0	2	10	1	0	0
75139	23 Aug 22	10:02:34	1	0	85	0	Ct	0	1	1	0	0	1	0	1	2	2	1	0	2	0	0	0	1	2	0	3	0	2	0	0	0	1	0	0	0	2	1	7	1	0
75140	23 Aug 22	10:03:06	1	0	85	0	Ct	0	1	3	1	0	1	0	0	2	1	1	1	3	2	0	1	1	1	0	1	0	2	0	0	0	0	0	0	0	3	0	1	0	0
75141	23 Aug 22	10:03:38	1	0	85	0	Ct	0	1	1	1	0	4	0	0	1	1	0	1	2	2	0	0	0	2	0	1	0	1	0	2	0	0	0	0	2	1	0	0	0	0
75142	23 Aug 22	10:04:11	1	0	85	0	Ct	0	1	1	0	0	2	0	1	2	1	1	0	1	1	0	2	1	1	0	1	0	2	0	6	0	0	0	2	0	1	0	10	0	0
75143	23 Aug 22	10:04:43	1	0	85	0	Ct	0	1	1	2	0	0	0	0	1	1	0	1	2	2	0	1	1	2	0	3	0	1	0	0	0	0	0	0	0	2	0	0	0	0
75144	23 Aug 22	10:05:15	1	0	85	0	Ct	0	1	1	0	0	0	0	1	2	0	2	0	0	1	0	0	0	2	0	2	0	0	0	0	0	0	0	2	0	1	0	0	0	0
75145	23 Aug 22	10:05:47	1	0	85	0	Ct	0	1	1	12	0	0	0	0	1	4	0	0	2	2	0	1	2	3	0	0	0	1	0	3	0	0	0	1	0	0	0	2	1	0
75146	23 Aug 22	10:06:20	1	0	85	0	Ct	0	1	1	34	0	0	0	0	1	0	0	0	1	1	0	1	0	2	0	0	0	1	0	2	0	0	0	0	3	2	0	0	1	0
75147	23 Aug 22	10:06:52	1	0	85	0	Ct	0	1	2	3	0	0	0	0	3	5	0	0	1	1	0	0	0	0	0	1	0	1	0	0	0	0	0	0	0	1	0	0	0	0
75148	23 Aug 22	10:07:24	1	0	85	0	Ct	0	1	1	0	0	0	0	0	1	0	0	5	2	1	0	1	0	2	0	2	0	1	0	0	0	0	0	1	0	0	0	0	1	0
75149	23 Aug 22	10:07:56	1	0	85	0	Ct	0	1	3	1	0	0	0	0	1	0	0	0	1	0	5	0	1	1	0	1	0	1	0	0	0	0	0	1	0	0	0	0	1	0
75150	23 Aug 22	10:08:28	1	0	85	0	Ct	0	1	1	0	0	0	0	0	1	0	1	0	1	1	0	0	0	1	0	1	0	1	0	0	0	0	0	1	0	0	0	2	0	0
75151	23 Aug 22	10:09:01	1	0	85	0	Ct	0	1	1	0	0	0	0	0	1	1	0	0	0	1	0	0	1	1	0	2	0	0	0	0	0	0	0	0	0	1	0	0	2	0
75152	23 Aug 22	10:09:33	1	0	85	0	Ct	0	1	0	0	0	0	0	0	1	0	1	0	2	1	0	0	0	1	0	2	0	0	0	4	0	0	0	0	0	1	0	0	0	0
75153	23 Aug 22	10:10:05	1	0	85	0	Ct	0	1	0	0	0	0	0	1	1	2	0	0	0	1	0	4	0	0	0	1	0	2	0	4	0	0	0	1	0	1	0	0	0	0
75154	23 Aug 22	10:10:37	1	0	85	0	Ct	0	1	0	0	0	0	0	1	0	0	0	0	1	1	0	1	0	1	0	1	0	0	0	0	0	0	0	1	0	1	0	0	1	0
75155	23 Aug 22	10:11:09	1	0	85	0	Ct	0	1	0	0	0	0	0	0	2	0	1	0	1	0	0	0	1	0	0	1	0	1	0	4	0	0	0	0	0	1	0	0	0	0
75156	23 Aug 22	10:11:41	1	0	85	0	Ct	0	1	0	0	0	0	0	0	1	0	0	0	1	1	0	0	0	1	0	1	0	2	0	1	0	0	0	1	0	1	0	0	1	0
75157	23 Aug 22	10:12:14	1	0	85	0	Ct	0	1	0	0	0	0	0	0	1	1	1	0	2	1	0	5	0	2	0	1	0	2	0	0	0	0	0	0	1	0	0	6	1	0
75158	23 Aug 22	10:12:46	1	0	85	0	Ct	0	1	0	0	0	0	0	0	2	0	0	0	2	1	0	14	0	1	0	1	0	1	0	0	0	0	0	0	9	1	0	4	1	0
75159	23 Aug 22	10:13:19	1	0	85	0	Ct	0	1	0	0	0	0	0	0	1	1	0	0	2	1	6	1	2	1	0	1	0	3	0	0	0	0	0	0	0	1	0	0	1	0
75160	23 Aug 22	10:13:51	1	0	85	0	Ct	0	1	0	1	0	0	0	0	0	1	0	0	1	0	0	1	0	0	0	1	0	1	0	0	0	0	0	3	0	1	12	0	0	0
75161	23 Aug 22	10:14:24	1	0	85	0	Ct	0	1	0	0	0	0	0	0	1	1	1	0	2	2	0	0	0	1	0	0	0	0	0	0	0	0	0	0	0	0	7	4	0	0
75162	23 Aug 22	10:14:56	1	0	85	0	Ct	0	1	0	0	0	0	0	0	0	0	1	0	2	1	0	0	0	0	0	0	0	1	0	1	0	0	0	0	0	1	0	4	1	0
75163	23 Aug 22	10:15:29	1	0	85	0	Ct	0	1	0	0	0	0	0	0	0	0	0	0	0	2	0	0	3	1	0	1	0	1	0	0	0	0	0	0	0	1	0	0	0	0
75164	23 Aug 22	10:16:01	1	0	85	0	Ct	0	1	0	1	0	0	0	0	1	0	0	0	3	1	0	0	0	3	0	1	0	0	0	0	0	0	0	1	0	0	0	0	1	0
75165	23 Aug 22	10:16:34	1	0	85	0	Ct	0	1	0	0	0	0	0	0	0	1	2	0	2	1	0	0	0	0	0	1	0	1	0	0	0	0	0	1	0	0	0	0	0	0
75166	23 Aug 22	10:17:06	1	0	85	0	Ct	0	1	0	0	0	0	0	0	1	0	0	1	1	0	0	0	0	1	0	2	0	1	0	0	0	0	0	1	1	1	0	0	0	0
75167	23 Aug 22	10:17:39	1	0	85	0	Ct	0	1	0	0	0	0	0	0	2	4	0	0	1	1	0	0	1	1	0	0	0	2	0	0	0	0	0	0	0	2	3	0	0	0
