1	1200
1201	2400
2401	3600
3601	4800
4801	6000
6001	7200
7201	8400
8401	9600
9601	10800
10801	12000
12001	13200
13201	14400
14401	15600
15601	16800
16801	18000
18001	19200
19201	20400
20401	21600
21601	22800
22801	24000
24001	25200
25201	26400
26401	27600
27601	28800
28801	30000
30001	31200
31201	32400
32401	33600
33601	34800
34801	36000
36001	37200
37201	38400
38401	39600
39601	40800
40801	42000
42001	43200
43201	44400
44401	45600
45601	46800
46801	48000
48001	49200
49201	50400
50401	51600
51601	52800
52801	54000
54001	55200
55201	56400
56401	57600
57601	58800
58801	60000
60001	61200
61201	62400
62401	63600
63601	64800
64801	66000
66001	67200
67201	68400
68401	69600
69601	70800
70801	72000
72001	73200
73201	74400
74401	75600
75601	76800
76801	78000
78001	79200
79201	80400
80401	81600
81601	82800
82801	84000
84001	85200
85201	86400
86401	87600
87601	88800
88801	90000
90001	91200
91201	92400
92401	93600
93601	94800
94801	96000
96001	97200
97201	98400
98401	99600
99601	100800
100801	102000
102001	103200
103201	104400
104401	105600
105601	106800
106801	108000
108001	109200
109201	110400
110401	111600
111601	112800
112801	114000
114001	115200
115201	116400
116401	117600
117601	118800
118801	120000
120001	121200
121201	122400
122401	123600
123601	124800
124801	126000
126001	127200
127201	128400
128401	129600
129601	130800
130801	132000
132001	133200
133201	134400
134401	135600
135601	136800
136801	138000
138001	139200
139201	140400
140401	141600
141601	142800
142801	144000
144001	145200
145201	146400
146401	147600
147601	148800
148801	150000
150001	151200
151201	152400
152401	153600
153601	154800
154801	156000
156001	157200
157201	158400
158401	159600
159601	160800
160801	162000
162001	163200
163201	164400
164401	165600
165601	166800
166801	168000
168001	169200
169201	170400
170401	171600
171601	172800
172801	174000
174001	175200
175201	176400
176401	177600
177601	178800
178801	180000
180001	181200
181201	182400
182401	183600
183601	184800
184801	186000
186001	187200
187201	188400
188401	189600
189601	190800
190801	192000
192001	193200
193201	194400
194401	195600
195601	196800
196801	198000
198001	199200
199201	200400
200401	201600
201601	202800
202801	204000
204001	205200
205201	206400
206401	207600
207601	208800
208801	210000
210001	211200
211201	212400
212401	213600
213601	214800
214801	216000
216001	217200
217201	218400
218401	219600
219601	220800
220801	222000
222001	223200
223201	224400
224401	225600
225601	226800
226801	228000
228001	229200
229201	230400
230401	231600
231601	232800
232801	234000
234001	235200
235201	236400
236401	237600
237601	238800
238801	240000
240001	241200
241201	242400
242401	243600
243601	244800
244801	246000
246001	247200
247201	248400
248401	249600
249601	250800
250801	252000
252001	253200
253201	254400
254401	255600
255601	256800
256801	258000
258001	259200
259201	260400
260401	261600
261601	262800
262801	264000
264001	265200
265201	266400
266401	267600
267601	268800
268801	270000
270001	271200
271201	272400
272401	273600
273601	274800
274801	276000
276001	277200
277201	278400
278401	279600
279601	280800
280801	282000
282001	283200
283201	284400
284401	285600
285601	286800
286801	288000
288001	289200
289201	290400
290401	291600
291601	292800
292801	294000
294001	295200
295201	296400
296401	297600
297601	298800
298801	3e+05
300001	301200
301201	302400
302401	303600
303601	304800
304801	306000
306001	307200
307201	308400
308401	309600
309601	310800
310801	312000
312001	313200
313201	314400
314401	315600
315601	316800
316801	318000
318001	319200
319201	320400
320401	321600
321601	322800
322801	324000
324001	325200
325201	326400
326401	327600
327601	328800
328801	330000
330001	331200
331201	332400
332401	333600
333601	334800
334801	336000
336001	337200
337201	338400
338401	339600
339601	340800
340801	342000
342001	343200
343201	344400
344401	345600
345601	346800
346801	348000
348001	349200
349201	350400
350401	351600
351601	352800
352801	354000
354001	355200
355201	356400
356401	357600
357601	358800
358801	360000
360001	361200
361201	362400
362401	363600
363601	364800
364801	366000
366001	367200
367201	368400
368401	369600
369601	370800
370801	372000
372001	373200
373201	374400
374401	375600
375601	376800
376801	378000
378001	379200
379201	380400
380401	381600
381601	382800
382801	384000
384001	385200
385201	386400
386401	387600
387601	388800
388801	390000
390001	391200
391201	392400
392401	393600
393601	394800
394801	396000
396001	397200
397201	398400
398401	399600
399601	400800
400801	402000
402001	403200
403201	404400
404401	405600
405601	406800
406801	408000
408001	409200
409201	410400
410401	411600
411601	412800
412801	414000
414001	415200
415201	416400
416401	417600
417601	418800
418801	420000
420001	421200
421201	422400
422401	423600
423601	424800
424801	426000
426001	427200
427201	428400
428401	429600
429601	430800
430801	432000
432001	433200
433201	434400
434401	435600
435601	436800
436801	438000
438001	439200
439201	440400
440401	441600
441601	442800
442801	444000
444001	445200
445201	446400
446401	447600
447601	448800
448801	450000
450001	451200
451201	452400
452401	453600
453601	454800
454801	456000
456001	457200
457201	458400
458401	459600
459601	460800
460801	462000
462001	463200
463201	464400
464401	465600
465601	466800
466801	468000
468001	469200
469201	470400
470401	471600
471601	472800
472801	474000
474001	475200
475201	476400
476401	477600
477601	478800
478801	480000
480001	481200
481201	482400
482401	483600
483601	484800
484801	486000
486001	487200
487201	488400
488401	489600
489601	490800
490801	492000
492001	493200
493201	494400
494401	495600
495601	496800
496801	498000
498001	499200
499201	500400
500401	501600
501601	502800
502801	504000
504001	505200
505201	506400
506401	507600
507601	508800
508801	510000
510001	511200
511201	512400
512401	513600
513601	514800
514801	516000
516001	517200
517201	518400
518401	519600
519601	520800
520801	522000
522001	523200
523201	524400
524401	525600
525601	526800
526801	528000
528001	529200
529201	530400
530401	531600
531601	532800
532801	534000
534001	535200
535201	536400
536401	537600
537601	538800
538801	540000
540001	541200
541201	542400
542401	543600
543601	544800
544801	546000
546001	547200
547201	548400
548401	549600
549601	550800
550801	552000
552001	553200
553201	554400
554401	555600
555601	556800
556801	558000
558001	559200
559201	560400
560401	561600
561601	562800
562801	564000
564001	565200
565201	566400
566401	567600
567601	568800
568801	570000
570001	571200
571201	572400
572401	573600
573601	574800
574801	576000
576001	577200
577201	578400
578401	579600
579601	580800
580801	582000
582001	583200
583201	584400
584401	585600
585601	586800
586801	588000
588001	589200
589201	590400
590401	591600
591601	592800
592801	594000
594001	595200
595201	596400
596401	597600
597601	598800
598801	6e+05
600001	601200
601201	602400
602401	603600
603601	604800
604801	606000
606001	607200
607201	608400
608401	609600
609601	610800
610801	612000
612001	613200
613201	614400
614401	615600
615601	616800
616801	618000
618001	619200
619201	620400
620401	621600
621601	622800
622801	624000
624001	625200
625201	626400
626401	627600
627601	628800
628801	630000
630001	631200
631201	632400
632401	633600
633601	634800
634801	636000
636001	637200
637201	638400
638401	639600
639601	640800
640801	642000
642001	643200
643201	644400
644401	645600
645601	646800
646801	648000
648001	649200
649201	650400
650401	651600
651601	652800
652801	654000
654001	655200
655201	656400
656401	657600
657601	658800
658801	660000
660001	661200
661201	662400
662401	663600
663601	664800
664801	666000
666001	667200
667201	668400
668401	669600
669601	670800
670801	672000
672001	673200
673201	674400
674401	675600
675601	676800
676801	678000
678001	679200
679201	680400
680401	681600
681601	682800
682801	684000
684001	685200
685201	686400
686401	687600
687601	688800
688801	690000
690001	691200
691201	692400
692401	693600
693601	694800
694801	696000
696001	697200
697201	698400
698401	699600
699601	700800
700801	702000
702001	703200
703201	704400
704401	705600
705601	706800
706801	708000
708001	709200
709201	710400
710401	711600
711601	712800
712801	714000
714001	715200
715201	716400
716401	717600
717601	718800
718801	720000
720001	721200
721201	722400
722401	723600
723601	724800
724801	726000
726001	727200
727201	728400
728401	729600
729601	730800
730801	732000
732001	733200
733201	734400
734401	735600
735601	736800
736801	738000
738001	739157
