21.8650138504155 23.2635180055402 25.617728531856 25.7700831024931 25.3474238227147 24.0149861495845 20.9948199445983 15.7356232686981 14.2918559556787 12.5917451523546 6.65127423822715 22.9595013850416 23.8831578947368 26.5281994459834 25.5630747922438 23.6364819944598 23.2182548476454 18.0085872576177 22.3337950138504 19.7708033240997 15.8990858725762 10.4765373961219 4.00817174515235 5.81975069252078 23.2487534626039 24.4756232686981 24.5348199445983 23.6456786703601 23.8159556786704 23.9884487534626 24.8032132963989 23.1121052631579 20.1383656509695 18.4779224376731 12.0901385041551 8.48385041551247 1.73734072022161
28.4154384025854 19.6224573114805 24.2901437149892 23.821039715297 26.7134502893198 32.4630217359187 19.0680250369344 22.0938813465682 39.7829273791936 32.22773111265 38.5359789273623 28.770484195137 26.0460766666667 27.8900736934441 29.793082463835 23.523307867036 32.13405111265 29.5359599430594 23.8054569467528 38.2789318528778 35.3989638842721 26.8976038104032 24.6252366481994 24.3815824376731 17.7590803862727 18.4725524576793 25.3939889258233 21.5405012742382 14.7404480424746 16.8631148091721 28.8738218682672 17.2199633333333 18.1653109325946 33.4752681717452 37.8020258140966 23.9362054108957 17.3507829085873
33.65 31.75 35.05 35.92 36.69 35.69 33.64 24.97 30.12 28.12 24.44 32.3 33.08 36.67 36.91 33.93 35.22 30.53 32.07 32.07 30.22 25.8 14.62 19.09 32.8 33.69 33.69 33.08 31.47 34.6 35.05 34.73 29.51 29.51 26.56 20.26 13.22
9.63 14.77 16.77 17.66 14.8 13.27 12.36 3.83 2.28 2.55 -4.65 11.06 11.1 16.73 14.12 13.69 11.98 8.01 14.7 6.55 3.95 1.98 -6.2 -4.52 14.62 16.77 11.99 15.26 17.07 16.03 13.08 15.03 11.5 5.06 -1.98 -1.98 -5.68
0.125 0 0.5625 0.5625 0.5625 0.4375 0.125 0 0 0 0 0.1875 0.1875 0.75 0.4375 0.1875 0.4375 0 0.0625 0.0625 0 0 0 0 0.125 0.375 0.4375 0.125 0 0.1875 0.5 0.1875 0 0 0 0 0
0 0 0 0 0 0 0 0.0625 0.25 0.4375 0.875 0 0 0 0 0 0 0 0 0 0.1875 0.5625 1 0.9375 0 0 0 0 0 0 0 0 0 0 0.4375 0.75 1
71.3970914127424 77.4680332409972 67.5848476454294 72.7221606648199 64.6865373961219 58.1657063711911 77.202243767313 79.912271468144 75.2848199445983 70.6513019390582 68.3998337950138 73.2409141274238 65.3924099722992 62.6662049861496 63.5285872576177 66.4479501385042 67.8421606648199 74.0813296398892 67.4696121883656 65.9621329639889 70.9296121883657 77.0970637119114 73.8629085872576 71.6017451523546 81.5695844875346 79.4315789473684 71.8185872576177 73.1642382271468 80.1057617728532 77.5599445983379 70.9084210526316 83.9330470914127 86.4817451523546 82.8265373961219 77.0436011080332 76.579972299169 84.105540166205
392.147897905509 385.698150843336 492.038551712835 422.462091429671 411.149449365959 411.40696679132 466.902385784857 355.882535381656 399.670313925823 432.629720800246 478.76151608341 415.378402217605 450.906573342567 548.518467502308 498.465024943059 488.257040786396 475.165478096337 444.208287671591 421.844467626962 487.103154604494 499.475118182518 376.044490798707 460.099892905509 422.874186668206 254.602957882425 266.161492777778 362.523478831948 427.116939487535 309.142467820868 326.1743727747 407.23592 270.52765735611 213.807083334872 277.187594365959 380.926847551554 378.314054165897 293.668719776854
0.140193905817175 0.207479224376731 0.0756509695290859 0.131717451523546 0.0318005540166205 0.0237119113573407 0.31803324099723 0.291578947368421 0.00573407202216066 0.0211634349030471 0.0829639889196676 0.146426592797784 0.0772299168975069 0.098808864265928 0.147700831024931 0.145457063711911 0.0870914127423823 0.165152354570637 0.0107202216066482 0.0986980609418283 0.114570637119114 0.155734072022161 0.0388919667590028 0.0128531855955679 0.241301939058172 0.230775623268698 0.0328254847645429 0.225429362880886 0.340249307479224 0.155290858725762 0.111357340720222 0.360443213296399 0.167479224376731 0.184736842105263 0.182603878116343 0.0914681440443213 0.162409972299169
0.225467462296091 0.159568905817175 0.0331968667282241 0.0659842643890428 0.0125048045552478 0.00679507232994768 0.483741954447522 0.507562777777778 0.00103841797476147 0.0147686426592798 0.193288134810711 0.150228028624192 0.0379184164358264 0.043637188365651 0.25085053247153 0.263413193290243 0.0598956832871653 0.245328379501385 0.00274447983995075 0.211003022468452 0.198574329024315 0.397623973530317 0.0152387688519544 0.00396989227454601 0.337209133579563 0.337474952293013 0.00927143890427824 0.195168217913204 0.311291326562019 0.065800540166205 0.108598430286242 0.396247580794091 0.176267794706063 0.812502222222222 0.813419867651585 0.154050338565713 0.436367787011388
