78	14000	28
104	12000	28
42	16000	28
115	16000	28
159	1000	28
79	11000	28
216	100	28
156	7000	28
22	12000	28
210	19000	28
208	1000	28
76	600	28
90	5000	28
129	20000	28
132	9000	28
4	17000	28
33	100	28
20	17000	28
27	13000	28
56	900	28
210	400	28
245	20000	28
48	600	28
51	11000	28
50	19000	28
152	600	28
170	9000	28
164	17000	28
110	600	28
193	15000	28
203	300	28
179	8000	28
97	400	28
99	1000	28
165	8000	28
199	2000	28
79	12000	28
100	12000	28
139	3000	28
67	5000	28
248	8000	28
107	700	28
43	500	28
192	3000	28
69	12000	28
226	14000	28
88	17000	28
111	9000	28
46	8000	28
9	17000	28
6	12000	28
32	15000	28
14	20000	28
188	800	28
178	700	28
80	100	28
148	6000	28
242	15000	28
46	5000	28
7	2000	28
165	15000	28
86	14000	28
219	7000	28
45	17000	28
61	16000	28
188	100	28
17	7000	28
73	200	28
103	13000	28
17	14000	28
28	8000	28
45	100	28
229	8000	28
97	2000	28
223	400	28
110	9000	28
79	400	28
229	4000	28
20	800	28
130	19000	28
10	15000	28
223	17000	28
224	300	28
55	10000	28
169	8000	28
34	6000	28
200	16000	28
156	2000	28
10	4000	28
82	2000	28
88	12000	28
124	600	28
8	16000	28
28	600	28
226	8000	28
29	4000	28
71	20000	28
38	5000	28
158	1000	28
73	700	28
127	5000	28
168	14000	28
46	400	28
225	15000	28
137	300	28
210	17000	28
27	600	28
94	11000	28
170	2000	28
98	18000	28
140	13000	28
161	3000	28
65	2000	28
96	8000	28
77	1000	28
109	4000	28
151	12000	28
190	600	28
206	20000	28
234	19000	28
49	1000	28
229	17000	28
187	900	28
218	500	28
52	100	28
145	8000	28
190	18000	28
43	1000	28
108	12000	28
47	5000	28
236	600	28
40	11000	28
189	4000	28
101	18000	28
249	500	28
33	6000	28
117	11000	28
128	1000	28
11	16000	28
235	14000	28
165	300	28
79	2000	28
132	18000	28
205	4000	28
228	18000	28
178	5000	28
151	900	28
220	800	28
210	5000	28
135	9000	28
213	9000	28
226	2000	28
243	15000	28
166	200	28
108	200	28
40	800	28
52	400	28
36	300	28
238	15000	28
53	8000	28
180	700	28
241	16000	28
150	700	28
135	5000	28
244	10000	28
238	8000	28
90	200	28
36	700	28
142	17000	28
128	13000	28
234	15000	28
57	19000	28
59	15000	28
195	12000	28
161	200	28
113	19000	28
206	5000	28
107	14000	28
89	5000	28
146	9000	28
136	16000	28
145	12000	28
158	3000	28
169	16000	28
195	14000	28
224	7000	28
25	600	28
69	1000	28
140	700	28
101	600	28
53	13000	28
15	500	28
83	4000	28
173	5000	28
66	20000	28
224	4000	28
150	16000	28
197	1000	28
174	7000	28
173	9000	28
239	18000	28
64	17000	28
50	2000	28
162	11000	28
44	10000	28
242	20000	28
118	13000	28
30	500	28
160	900	28
10	20000	28
166	900	28
163	600	28
147	16000	28
172	20000	28
165	12000	28
73	2000	28
25	12000	28
97	13000	28
65	12000	28
131	13000	28
193	500	28
2	400	28
102	3000	28
53	10000	28
5	8000	28
136	400	28
192	19000	28
48	10000	28
164	2000	28
133	600	28
82	200	28
110	200	28
15	7000	28
183	2000	28
118	100	28
167	6000	28
75	8000	28
146	5000	28
190	400	28
2	7000	28
55	900	28
116	11000	28
216	900	28
131	3000	28
235	4000	28
4	400	28
243	4000	28
112	500	28
12	7000	28
81	1000	28
185	10000	28
176	100	28
245	200	28
169	3000	28
100	200	28
113	3000	28
129	400	28
6	900	28
75	2000	28
145	7000	28
56	19000	28
166	11000	28
12	6000	28
203	14000	28
35	4000	28
1	11000	28
188	14000	28
222	800	28
26	12000	28
55	400	28
126	800	28
148	1000	28
34	7000	28
47	16000	28
169	20000	28
27	10000	28
141	6000	28
172	900	28
212	13000	28
74	800	28
196	11000	28
10	12000	28
93	17000	28
89	2000	28
7	18000	28
175	1000	28
216	14000	28
246	9000	28
121	16000	28
108	13000	28
97	700	28
154	9000	28
44	3000	28
144	20000	28
142	800	28
68	1000	28
109	200	28
60	600	28
14	400	28
66	800	28
190	800	28
209	700	28
244	20000	28
187	8000	28
217	300	28
134	13000	28
93	600	28
249	1000	28
48	300	28
203	11000	28
223	15000	28
79	600	28
122	1000	28
97	19000	28
46	9000	28
100	600	28
117	400	28
22	300	28
83	2000	28
212	100	28
114	16000	28
224	19000	28
63	200	28
5	10000	28
198	11000	28
82	300	28
101	2000	28
115	13000	28
82	400	28
42	15000	28
134	600	28
9	14000	28
33	5000	28
207	400	28
21	12000	28
130	1000	28
179	700	28
154	500	28
201	13000	28
76	100	28
172	100	28
47	1000	28
177	9000	28
212	14000	28
55	15000	28
12	1000	28
160	3000	28
146	100	28
131	300	28
172	10000	28
63	600	28
132	16000	28
95	9000	28
49	11000	28
30	6000	28
114	15000	28
115	10000	28
36	9000	28
58	400	28
56	12000	28
116	10000	28
18	13000	28
14	100	28
109	2000	28
92	1000	28
54	700	28
200	3000	28
205	5000	28
149	1000	28
187	4000	28
91	19000	28
220	1000	28
207	200	28
141	700	28
187	1000	28
210	200	28
63	9000	28
209	300	28
158	900	28
51	600	28
244	19000	28
95	800	28
138	300	28
244	1000	28
213	14000	28
174	16000	28
58	15000	28
155	20000	28
105	5000	28
109	10000	28
247	400	28
49	9000	28
119	100	28
225	600	28
37	18000	28
241	3000	28
31	700	28
160	700	28
21	8000	28
171	600	28
127	10000	28
47	500	28
224	900	28
123	12000	28
90	13000	28
18	400	28
134	12000	28
49	7000	28
176	10000	28
169	12000	28
14	17000	28
139	19000	28
54	13000	28
62	2000	28
96	5000	28
42	13000	28
140	11000	28
176	5000	28
151	3000	28
126	10000	28
172	2000	28
110	12000	28
119	1000	28
205	16000	28
70	7000	28
90	8000	28
142	9000	28
209	5000	28
231	200	28
45	9000	28
155	11000	28
148	15000	28
50	14000	28
194	300	28
239	500	28
129	1000	28
165	400	28
63	100	28
51	19000	28
22	15000	28
188	8000	28
154	4000	28
119	12000	28
30	1000	28
148	13000	28
154	5000	28
111	400	28
30	12000	28
16	500	28
157	12000	28
9	6000	28
55	11000	28
64	15000	28
35	3000	28
161	700	28
31	14000	28
16	13000	28
223	18000	28
186	100	28
167	13000	28
155	6000	28
183	500	28
22	700	28
95	6000	28
99	9000	28
159	11000	28
116	7000	28
53	17000	28
194	13000	28
193	300	28
77	300	28
3	12000	28
35	7000	28
181	1000	28
16	14000	28
61	700	28
199	19000	28
157	3000	28
22	6000	28
154	1000	28
81	2000	28
97	900	28
211	6000	28
165	5000	28
64	10000	28
191	19000	28
87	18000	28
135	4000	28
232	2000	28
38	11000	28
194	400	28
81	600	28
172	15000	28
106	11000	28
41	500	28
31	600	28
113	5000	28
205	9000	28
95	1000	28
209	2000	28
5	18000	28
209	10000	28
43	16000	28
53	700	28
105	900	28
187	6000	28
57	900	28
44	700	28
240	19000	28
53	6000	28
100	700	28
128	18000	28
217	1000	28
64	5000	28
86	200	28
234	12000	28
243	16000	28
179	100	28
213	15000	28
183	100	28
6	5000	28
103	11000	28
159	500	28
90	14000	28
172	16000	28
125	15000	28
143	16000	28
40	20000	28
144	200	28
154	600	28
198	3000	28
211	14000	28
149	7000	28
153	17000	28
61	800	28
143	9000	28
167	600	28
200	5000	28
196	20000	28
32	1000	28
233	16000	28
182	12000	28
22	10000	28
217	13000	28
58	700	28
156	6000	28
250	16000	28
200	300	28
16	16000	28
148	19000	28
161	4000	28
35	1000	28
176	12000	28
155	13000	28
202	19000	28
46	16000	28
181	12000	28
57	20000	28
20	1000	28
196	17000	28
216	19000	28
20	9000	28
118	400	28
212	15000	28
244	18000	28
245	9000	28
78	13000	28
236	2000	28
233	700	28
139	2000	28
33	800	28
77	14000	28
105	500	28
147	300	28
61	200	28
125	200	28
127	2000	28
43	3000	28
32	20000	28
73	18000	28
59	500	28
32	14000	28
114	8000	28
205	12000	28
196	9000	28
77	17000	28
72	8000	28
204	600	28
117	18000	28
77	19000	28
47	15000	28
48	500	28
17	600	28
143	500	28
22	100	28
73	20000	28
92	5000	28
214	17000	28
208	500	28
156	14000	28
207	14000	28
123	8000	28
206	12000	28
152	4000	28
77	800	28
151	100	28
29	10000	28
122	5000	28
203	900	28
186	15000	28
86	18000	28
147	4000	28
186	900	28
14	200	28
52	700	28
46	13000	28
132	7000	28
124	300	28
42	800	28
236	7000	28
177	17000	28
201	11000	28
58	13000	28
54	100	28
179	12000	28
20	300	28
70	1000	28
250	19000	28
127	700	28
232	6000	28
82	9000	28
116	400	28
227	600	28
232	20000	28
4	18000	28
159	400	28
14	300	28
213	4000	28
65	6000	28
161	9000	28
158	5000	28
117	300	28
160	10000	28
27	12000	28
182	5000	28
98	19000	28
6	16000	28
228	900	28
216	400	28
90	4000	28
214	500	28
120	500	28
250	12000	28
134	16000	28
60	14000	28
174	6000	28
16	400	28
216	800	28
144	15000	28
77	600	28
173	1000	28
35	600	28
109	17000	28
22	11000	28
28	18000	28
11	900	28
118	500	28
123	11000	28
200	400	28
170	16000	28
182	19000	28
141	400	28
132	2000	28
5	3000	28
92	13000	28
73	800	28
30	1000	28
196	4000	28
105	14000	28
95	5000	28
230	200	28
4	1000	28
233	18000	28
164	3000	28
48	17000	28
93	900	28
165	20000	28
133	12000	28
53	15000	28
129	900	28
39	600	28
17	13000	28
178	19000	28
203	19000	28
92	1000	28
200	100	28
33	3000	28
197	9000	28
200	11000	28
103	15000	28
227	14000	28
88	100	28
147	20000	28
184	1000	28
205	13000	28
13	4000	28
226	300	28
242	4000	28
172	18000	28
95	600	28
48	8000	28
138	400	28
17	900	28
104	19000	28
171	11000	28
155	400	28
235	300	28
126	9000	28
56	200	28
85	19000	28
159	14000	28
182	400	28
42	6000	28
181	3000	28
169	17000	28
144	4000	28
244	8000	28
124	500	28
95	11000	28
94	500	28
145	16000	28
248	14000	28
118	7000	28
80	400	28
42	1000	28
6	3000	28
16	10000	28
64	9000	28
201	20000	28
12	1000	28
228	6000	28
28	16000	28
84	6000	28
62	20000	28
51	10000	28
243	5000	28
113	9000	28
111	16000	28
78	6000	28
171	7000	28
30	9000	28
133	800	28
60	16000	28
203	8000	28
242	8000	28
130	18000	28
234	300	28
88	15000	28
135	14000	28
45	1000	28
181	600	28
142	13000	28
205	100	28
175	1000	28
207	4000	28
48	900	28
196	900	28
170	100	28
151	15000	28
111	200	28
182	1000	28
61	7000	28
224	17000	28
8	100	28
56	5000	28
199	500	28
202	18000	28
182	500	28
60	12000	28
220	13000	28
66	600	28
211	11000	28
29	17000	28
96	12000	28
159	7000	28
31	13000	28
136	1000	28
80	200	28
192	4000	28
18	5000	28
222	14000	28
127	19000	28
183	18000	28
231	900	28
117	8000	28
27	14000	28
86	7000	28
200	13000	28
183	600	28
36	12000	28
147	7000	28
76	900	28
52	6000	28
91	900	28
151	1000	28
227	7000	28
82	5000	28
137	500	28
229	600	28
210	1000	28
135	300	28
81	4000	28
249	9000	28
110	1000	28
35	400	28
133	500	28
209	3000	28
106	17000	28
70	19000	28
246	14000	28
66	900	28
19	400	28
123	4000	28
214	2000	28
42	2000	28
167	4000	28
140	8000	28
133	11000	28
35	6000	28
47	8000	28
84	10000	28
31	9000	28
78	11000	28
149	12000	28
106	12000	28
188	500	28
215	18000	28
62	1000	28
237	1000	28
92	2000	28
113	500	28
77	7000	28
141	1000	28
105	1000	28
206	1000	28
116	3000	28
155	2000	28
25	300	28
231	1000	28
87	600	28
115	17000	28
156	17000	28
174	3000	28
218	700	28
36	400	28
33	16000	28
199	300	28
21	14000	28
165	19000	28
147	13000	28
83	400	28
98	7000	28
1	800	28
149	800	28
176	13000	28
206	500	28
19	16000	28
239	1000	28
208	1000	28
139	900	28
234	9000	28
172	4000	28
224	14000	28
111	100	28
116	200	28
119	11000	28
109	300	28
45	5000	28
243	19000	28
242	300	28
33	14000	28
213	400	28
126	4000	28
241	2000	28
230	2000	28
73	10000	28
128	5000	28
169	200	28
249	7000	28
197	600	28
201	600	28
119	8000	28
10	800	28
4	3000	28
228	600	28
166	10000	28
13	300	28
77	900	28
63	300	28
46	800	28
104	800	28
166	7000	28
170	12000	28
209	13000	28
217	1000	28
93	2000	28
196	800	28
39	19000	28
215	100	28
199	1000	28
47	18000	28
215	3000	28
97	10000	28
13	17000	28
201	5000	28
45	7000	28
205	3000	28
230	20000	28
116	900	28
103	8000	28
21	7000	28
80	12000	28
74	1000	28
156	100	28
19	12000	28
209	19000	28
249	3000	28
80	3000	28
133	200	28
9	9000	28
131	9000	28
184	15000	28
160	1000	28
148	600	28
155	200	28
40	17000	28
144	800	28
137	16000	28
243	700	28
152	400	28
126	18000	28
114	900	28
126	7000	28
81	500	28
92	4000	28
143	19000	28
189	12000	28
192	1000	28
172	800	28
184	3000	28
192	2000	28
240	1000	28
242	200	28
7	12000	28
58	300	28
125	400	28
227	12000	28
221	3000	28
105	400	28
142	700	28
130	5000	28
33	20000	28
208	19000	28
36	900	28
141	16000	28
163	18000	28
219	6000	28
22	500	28
123	800	28
89	18000	28
29	6000	28
74	6000	28
62	11000	28
48	2000	28
198	13000	28
53	2000	28
6	500	28
194	11000	28
131	800	28
154	13000	28
114	100	28
151	19000	28
8	7000	28
116	15000	28
125	900	28
130	1000	28
18	1000	28
201	400	28
129	1000	28
171	13000	28
230	3000	28
125	18000	28
82	11000	28
130	13000	28
246	500	28
8	3000	28
4	900	28
168	1000	28
79	16000	28
88	18000	28
85	12000	28
228	12000	28
178	600	28
216	8000	28
100	3000	28
139	4000	28
101	14000	28
13	14000	28
218	600	28
15	17000	28
71	500	28
3	15000	28
42	500	28
139	500	28
248	17000	28
49	16000	28
63	15000	28
158	600	28
184	200	28
248	400	28
191	16000	28
69	9000	28
212	700	28
168	8000	28
237	11000	28
68	7000	28
170	11000	28
131	5000	28
68	900	28
35	5000	28
123	20000	28
202	14000	28
169	500	28
82	1000	28
4	13000	28
25	6000	28
82	19000	28
142	300	28
148	200	28
5	6000	28
197	800	28
127	15000	28
189	8000	28
3	3000	28
91	8000	28
24	14000	28
58	19000	28
108	19000	28
173	12000	28
70	11000	28
101	12000	28
192	400	28
217	500	28
198	12000	28
169	400	28
196	16000	28
184	7000	28
72	500	28
221	18000	28
186	20000	28
184	900	28
80	13000	28
141	19000	28
61	5000	28
33	900	28
37	19000	28
245	16000	28
146	900	28
244	800	28
212	20000	28
67	500	28
104	9000	28
173	8000	28
229	7000	28
143	600	28
107	12000	28
19	800	28
211	13000	28
71	400	28
247	100	28
250	900	28
239	3000	28
185	7000	28
67	8000	28
27	3000	28
63	10000	28
86	20000	28
25	20000	28
180	800	28
20	14000	28
12	3000	28
226	900	28
233	400	28
121	400	28
131	8000	28
74	8000	28
243	9000	28
18	14000	28
128	7000	28
240	6000	28
117	600	28
85	10000	28
201	3000	28
196	400	28
95	14000	28
102	700	28
52	13000	28
87	700	28
232	900	28
193	7000	28
103	500	28
83	9000	28
85	900	28
21	9000	28
98	16000	28
225	12000	28
195	600	28
177	7000	28
24	13000	28
220	500	28
195	19000	28
10	3000	28
161	6000	28
235	400	28
209	1000	28
67	100	28
93	1000	28
209	4000	28
6	1000	28
26	20000	28
160	100	28
222	400	28
207	13000	28
93	19000	28
174	1000	28
44	6000	28
153	11000	28
143	7000	28
50	18000	28
50	4000	28
174	8000	28
177	400	28
49	13000	28
155	16000	28
246	300	28
105	19000	28
162	8000	28
137	400	28
164	4000	28
185	300	28
90	15000	28
178	2000	28
138	700	28
205	17000	28
105	600	28
11	17000	28
83	500	28
88	14000	28
105	100	28
28	5000	28
173	19000	28
130	100	28
6	300	28
123	900	28
9	11000	28
67	1000	28
2	20000	28
170	18000	28
221	17000	28
58	1000	28
127	12000	28
235	7000	28
98	10000	28
12	12000	28
160	18000	28
7	7000	28
79	8000	28
233	13000	28
126	14000	28
70	900	28
105	4000	28
204	2000	28
9	5000	28
91	6000	28
97	9000	28
238	7000	28
185	20000	28
206	13000	28
176	700	28
78	700	28
168	300	28
166	19000	28
204	500	28
48	400	28
118	14000	28
173	600	28
223	1000	28
232	11000	28
96	100	28
219	100	28
110	3000	28
75	1000	28
220	20000	28
202	4000	28
179	14000	28
143	13000	28
223	3000	28
44	400	28
59	8000	28
157	13000	28
247	500	28
138	19000	28
143	6000	28
158	14000	28
214	18000	28
199	800	28
241	20000	28
122	10000	28
107	10000	28
182	800	28
98	8000	28
55	1000	28
115	8000	28
53	14000	28
22	8000	28
84	7000	28
176	1000	28
196	5000	28
13	1000	28
231	10000	28
200	12000	28
98	6000	28
47	17000	28
164	16000	28
24	900	28
142	8000	28
93	8000	28
99	2000	28
32	6000	28
18	19000	28
106	14000	28
193	9000	28
40	7000	28
216	200	28
94	17000	28
18	18000	28
131	200	28
164	600	28
114	17000	28
163	9000	28
203	10000	28
37	16000	28
134	5000	28
141	500	28
179	5000	28
247	700	28
106	16000	28
238	600	28
33	400	28
13	8000	28
192	300	28
176	600	28
229	14000	28
69	8000	28
134	200	28
228	3000	28
176	2000	28
184	400	28
115	11000	28
175	800	28
146	200	28
155	19000	28
153	1000	28
119	13000	28
160	15000	28
89	600	28
180	13000	28
174	900	28
126	11000	28
140	15000	28
142	900	28
111	3000	28
212	1000	28
150	2000	28
25	1000	28
126	700	28
189	3000	28
29	8000	28
250	20000	28
141	300	28
109	20000	28
89	3000	28
105	6000	28
110	14000	28
137	15000	28
229	19000	28
69	14000	28
72	4000	28
158	100	28
159	2000	28
17	12000	28
141	18000	28
32	17000	28
66	500	28
49	6000	28
79	5000	28
192	7000	28
1	700	28
92	8000	28
70	10000	28
184	4000	28
223	900	28
132	19000	28
147	6000	28
212	9000	28
101	6000	28
152	14000	28
29	200	28
78	9000	28
222	300	28
8	6000	28
94	600	28
11	600	28
240	12000	28
4	14000	28
215	4000	28
133	16000	28
150	1000	28
55	17000	28
28	6000	28
79	500	28
15	300	28
50	13000	28
216	1000	28
55	1000	28
189	500	28
122	15000	28
162	2000	28
167	17000	28
246	900	28
50	5000	28
147	1000	28
4	800	28
103	5000	28
175	9000	28
240	4000	28
18	20000	28
222	6000	28
41	1000	28
7	400	28
134	10000	28
95	300	28
171	700	28
31	2000	28
83	700	28
34	2000	28
187	10000	28
219	18000	28
159	16000	28
36	11000	28
162	15000	28
173	6000	28
131	900	28
24	19000	28
199	16000	28
128	12000	28
112	15000	28
61	15000	28
71	1000	28
70	17000	28
86	3000	28
39	1000	28
23	2000	28
56	4000	28
47	400	28
231	19000	28
247	200	28
3	11000	28
230	700	28
123	9000	28
163	8000	28
197	11000	28
243	20000	28
58	16000	28
193	3000	28
184	11000	28
55	2000	28
204	11000	28
213	11000	28
168	20000	28
185	11000	28
146	1000	28
5	800	28
250	200	28
88	4000	28
148	500	28
238	5000	28
30	20000	28
95	700	28
89	6000	28
238	19000	28
4	4000	28
165	1000	28
147	200	28
117	700	28
187	3000	28
147	1000	28
126	200	28
83	12000	28
29	18000	28
227	100	28
103	7000	28
90	3000	28
184	5000	28
166	8000	28
87	10000	28
233	500	28
150	5000	28
191	800	28
140	800	28
128	20000	28
12	15000	28
232	300	28
58	3000	28
37	1000	28
242	7000	28
203	3000	28
184	13000	28
192	11000	28
58	9000	28
21	800	28
250	2000	28
147	800	28
65	4000	28
186	11000	28
186	1000	28
199	12000	28
118	15000	28
80	9000	28
217	700	28
59	4000	28
50	10000	28
211	9000	28
44	600	28
170	900	28
62	3000	28
38	18000	28
104	3000	28
61	19000	28
237	19000	28
147	19000	28
39	15000	28
134	20000	28
47	11000	28
73	7000	28
176	400	28
73	19000	28
68	5000	28
31	1000	28
113	900	28
243	900	28
19	4000	28
92	6000	28
154	900	28
49	300	28
227	3000	28
191	400	28
128	11000	28
75	400	28
159	6000	28
18	10000	28
144	9000	28
244	17000	28
50	3000	28
120	7000	28
38	8000	28
206	200	28
30	14000	28
204	14000	28
150	11000	28
212	8000	28
63	19000	28
157	400	28
17	1000	28
29	100	28
143	15000	28
226	4000	28
161	12000	28
72	10000	28
108	14000	28
79	9000	28
86	600	28
99	900	28
146	6000	28
247	20000	28
20	2000	28
88	19000	28
41	5000	28
34	14000	28
26	8000	28
218	2000	28
34	700	28
212	18000	28
167	5000	28
207	12000	28
202	800	28
190	5000	28
39	5000	28
7	11000	28
177	300	28
34	16000	28
2	900	28
190	17000	28
240	9000	28
77	4000	28
177	200	28
233	12000	28
115	18000	28
45	19000	28
166	2000	28
32	9000	28
191	20000	28
162	700	28
149	20000	28
97	17000	28
78	1000	28
216	9000	28
1	100	28
47	19000	28
26	500	28
173	100	28
158	7000	28
31	11000	28
65	1000	28
15	700	28
170	4000	28
164	200	28
97	1000	28
16	9000	28
93	500	28
114	14000	28
61	9000	28
207	300	28
213	6000	28
235	20000	28
235	11000	28
122	12000	28
81	7000	28
34	11000	28
225	10000	28
46	500	28
173	800	28
222	15000	28
86	500	28
161	1000	28
101	7000	28
128	10000	28
8	2000	28
168	700	28
240	800	28
7	19000	28
15	11000	28
236	8000	28
40	900	28
30	13000	28
248	9000	28
66	16000	28
29	800	28
57	15000	28
174	4000	28
137	13000	28
38	12000	28
14	1000	28
88	10000	28
171	9000	28
231	300	28
64	300	28
21	500	28
78	4000	28
220	10000	28
101	700	28
75	20000	28
1	16000	28
168	5000	28
212	3000	28
125	1000	28
179	200	28
60	700	28
45	700	28
217	10000	28
57	13000	28
69	11000	28
3	14000	28
105	18000	28
129	4000	28
219	5000	28
6	8000	28
8	19000	28
110	20000	28
52	17000	28
6	2000	28
71	10000	28
138	17000	28
160	4000	28
29	500	28
122	900	28
69	13000	28
95	15000	28
77	5000	28
140	18000	28
27	400	28
213	1000	28
248	2000	28
91	700	28
2	19000	28
136	6000	28
113	6000	28
244	100	28
202	700	28
135	20000	28
79	900	28
8	500	28
231	18000	28
141	14000	28
10	500	28
214	800	28
4	19000	28
154	11000	28
99	14000	28
153	4000	28
23	7000	28
245	7000	28
132	20000	28
185	700	28
15	20000	28
11	20000	28
84	800	28
142	1000	28
81	19000	28
128	17000	28
186	17000	28
222	19000	28
120	19000	28
75	3000	28
62	8000	28
152	10000	28
146	16000	28
162	6000	28
170	10000	28
89	200	28
18	900	28
57	300	28
236	3000	28
64	800	28
28	500	28
239	17000	28
84	400	28
74	2000	28
113	7000	28
54	500	28
195	20000	28
47	7000	28
57	6000	28
8	700	28
192	20000	28
27	700	28
105	3000	28
140	16000	28
199	15000	28
180	9000	28
235	500	28
205	8000	28
61	18000	28
227	500	28
156	300	28
204	700	28
57	3000	28
179	7000	28
60	300	28
61	12000	28
245	13000	28
69	500	28
87	400	28
238	2000	28
174	800	28
73	13000	28
79	1000	28
206	9000	28
215	300	28
31	7000	28
231	4000	28
61	14000	28
165	4000	28
87	13000	28
83	13000	28
34	19000	28
220	8000	28
235	900	28
107	16000	28
121	200	28
243	100	28
220	14000	28
207	700	28
113	200	28
118	10000	28
119	9000	28
62	300	28
45	500	28
60	9000	28
128	8000	28
8	13000	28
74	4000	28
47	300	28
78	200	28
92	400	28
236	12000	28
72	16000	28
56	13000	28
1	19000	28
162	17000	28
87	14000	28
90	12000	28
179	1000	28
203	7000	28
203	16000	28
138	12000	28
200	700	28
60	17000	28
155	12000	28
122	20000	28
143	1000	28
26	17000	28
116	5000	28
16	5000	28
152	18000	28
38	7000	28
44	900	28
153	6000	28
162	400	28
174	1000	28
198	6000	28
221	400	28
135	12000	28
159	200	28
191	9000	28
114	1000	28
204	100	28
118	19000	28
203	17000	28
15	4000	28
44	4000	28
99	12000	28
190	200	28
166	300	28
138	11000	28
48	6000	28
45	12000	28
94	2000	28
175	4000	28
15	900	28
150	200	28
159	15000	28
88	9000	28
156	11000	28
200	600	28
134	1000	28
28	10000	28
38	100	28
71	18000	28
231	15000	28
3	4000	28
170	200	28
220	11000	28
155	300	28
159	4000	28
239	600	28
126	900	28
236	17000	28
47	10000	28
131	20000	28
247	10000	28
9	2000	28
125	600	28
149	18000	28
135	100	28
4	15000	28
45	800	28
129	11000	28
59	600	28
54	18000	28
132	400	28
156	12000	28
86	9000	28
231	20000	28
75	500	28
248	1000	28
228	10000	28
114	1000	28
137	100	28
160	9000	28
136	7000	28
207	5000	28
178	900	28
189	9000	28
202	500	28
92	200	28
50	12000	28
23	9000	28
38	600	28
19	20000	28
120	11000	28
2	18000	28
219	300	28
237	500	28
249	19000	28
97	16000	28
143	10000	28
64	1000	28
101	17000	28
77	16000	28
117	200	28
1	2000	28
154	14000	28
211	600	28
24	200	28
179	300	28
202	9000	28
67	10000	28
35	20000	28
33	13000	28
189	6000	28
91	800	28
203	100	28
212	400	28
175	10000	28
12	18000	28
233	19000	28
66	7000	28
139	700	28
201	19000	28
116	19000	28
145	4000	28
112	18000	28
236	18000	28
211	400	28
1	1000	28
92	600	28
174	200	28
233	1000	28
57	7000	28
236	6000	28
43	5000	28
61	300	28
35	700	28
42	5000	28
87	500	28
115	5000	28
154	17000	28
84	300	28
110	800	28
118	12000	28
121	15000	28
57	4000	28
229	9000	28
4	5000	28
238	1000	28
108	400	28
234	8000	28
243	300	28
231	3000	28
71	900	28
102	900	28
20	12000	28
51	300	28
102	8000	28
190	8000	28
242	6000	28
242	19000	28
109	400	28
231	12000	28
191	8000	28
235	19000	28
165	9000	28
161	400	28
244	300	28
247	15000	28
20	18000	28
99	7000	28
158	20000	28
210	11000	28
246	100	28
38	500	28
221	800	28
163	2000	28
89	8000	28
242	3000	28
198	20000	28
159	800	28
107	200	28
81	11000	28
43	4000	28
173	17000	28
151	14000	28
3	1000	28
228	100	28
25	8000	28
207	2000	28
10	9000	28
241	13000	28
177	8000	28
63	2000	28
92	800	28
40	2000	28
18	800	28
71	16000	28
88	2000	28
211	3000	28
219	1000	28
58	4000	28
142	11000	28
156	5000	28
2	1000	28
125	19000	28
51	18000	28
107	18000	28
224	500	28
38	15000	28
150	17000	28
43	12000	28
38	17000	28
249	1000	28
158	17000	28
151	5000	28
238	9000	28
97	1000	28
31	6000	28
132	15000	28
106	900	28
224	12000	28
246	16000	28
145	3000	28
102	19000	28
221	900	28
127	11000	28
115	900	28
81	700	28
140	10000	28
50	200	28
13	9000	28
13	11000	28
149	3000	28
188	4000	28
83	17000	28
120	4000	28
173	700	28
84	9000	28
44	9000	28
180	1000	28
46	300	28
130	700	28
224	5000	28
59	20000	28
127	17000	28
207	15000	28
152	1000	28
74	600	28
245	500	28
172	400	28
12	800	28
165	1000	28
66	700	28
25	4000	28
101	20000	28
10	10000	28
170	8000	28
87	9000	28
69	4000	28
174	11000	28
115	1000	28
52	16000	28
42	10000	28
126	600	28
119	18000	28
183	10000	28
64	900	28
222	16000	28
26	800	28
184	500	28
215	500	28
222	200	28
75	19000	28
126	8000	28
193	5000	28
105	20000	28
106	1000	28
18	100	28
125	800	28
98	20000	28
47	20000	28
60	4000	28
228	4000	28
43	9000	28
160	17000	28
205	300	28
117	14000	28
133	4000	28
51	800	28
38	300	28
168	100	28
232	14000	28
184	19000	28
54	600	28
86	15000	28
198	900	28
108	9000	28
81	400	28
223	700	28
51	900	28
92	17000	28
187	11000	28
122	17000	28
18	3000	28
21	300	28
167	500	28
51	8000	28
31	12000	28
156	10000	28
40	18000	28
151	8000	28
68	600	28
89	17000	28
100	9000	28
92	19000	28
59	10000	28
221	2000	28
198	9000	28
142	5000	28
194	2000	28
21	15000	28
93	5000	28
52	14000	28
246	11000	28
13	15000	28
149	14000	28
142	18000	28
120	20000	28
165	6000	28
6	1000	28
53	20000	28
213	20000	28
189	7000	28
109	100	28
83	20000	28
167	10000	28
162	1000	28
121	4000	28
225	14000	28
87	100	28
33	19000	28
151	400	28
126	13000	28
239	800	28
96	600	28
149	700	28
129	100	28
220	18000	28
102	6000	28
143	11000	28
110	5000	28
200	4000	28
159	18000	28
21	400	28
186	300	28
113	18000	28
150	15000	28
59	800	28
46	18000	28
105	8000	28
54	8000	28
171	18000	28
224	15000	28
243	12000	28
1	5000	28
16	17000	28
111	2000	28
88	600	28
118	300	28
136	5000	28
229	16000	28
82	20000	28
218	20000	28
21	200	28
1	8000	28
238	13000	28
85	9000	28
52	2000	28
155	18000	28
126	100	28
214	11000	28
101	15000	28
210	16000	28
235	6000	28
212	6000	28
159	5000	28
101	300	28
122	400	28
212	900	28
41	4000	28
80	1000	28
237	16000	28
13	5000	28
157	1000	28
17	9000	28
138	600	28
39	3000	28
152	17000	28
19	500	28
205	18000	28
130	800	28
172	8000	28
187	15000	28
176	800	28
140	1000	28
229	12000	28
9	500	28
163	200	28
249	700	28
37	10000	28
78	2000	28
128	2000	28
138	3000	28
145	20000	28
88	1000	28
145	15000	28
109	7000	28
188	10000	28
173	400	28
9	12000	28
230	500	28
159	300	28
127	8000	28
75	300	28
74	700	28
169	18000	28
77	20000	28
12	8000	28
24	5000	28
99	3000	28
125	100	28
102	12000	28
181	4000	28
12	300	28
182	2000	28
231	100	28
117	13000	28
9	900	28
244	900	28
186	200	28
160	800	28
5	900	28
220	5000	28
64	13000	28
86	12000	28
204	19000	28
1	7000	28
5	11000	28
121	14000	28
118	200	28
54	400	28
29	15000	28
99	8000	28
24	100	28
180	8000	28
62	12000	28
61	6000	28
140	5000	28
180	1000	28
223	16000	28
91	7000	28
45	13000	28
6	800	28
140	17000	28
92	3000	28
52	5000	28
90	19000	28
166	17000	28
165	200	28
8	1000	28
46	700	28
221	19000	28
228	1000	28
233	20000	28
13	19000	28
213	12000	28
95	3000	28
54	14000	28
189	19000	28
31	4000	28
214	8000	28
70	20000	28
145	5000	28
37	100	28
75	15000	28
247	6000	28
148	4000	28
212	7000	28
3	900	28
250	400	28
195	8000	28
12	100	28
193	10000	28
218	4000	28
198	1000	28
70	200	28
42	200	28
84	600	28
171	400	28
22	18000	28
40	1000	28
101	200	28
153	12000	28
248	6000	28
245	11000	28
28	300	28
10	17000	28
9	300	28
237	800	28
43	800	28
182	6000	28
219	8000	28
55	6000	28
133	15000	28
225	11000	28
122	200	28
41	10000	28
139	10000	28
88	400	28
237	7000	28
11	19000	28
11	100	28
36	13000	28
20	13000	28
71	13000	28
48	15000	28
2	4000	28
217	12000	28
190	7000	28
100	14000	28
195	13000	28
215	8000	28
92	900	28
1	6000	28
86	11000	28
4	10000	28
202	100	28
219	17000	28
249	12000	28
26	10000	28
158	1000	28
188	16000	28
27	20000	28
16	700	28
29	300	28
74	17000	28
237	8000	28
212	600	28
241	11000	28
239	20000	28
192	500	28
129	14000	28
192	12000	28
95	100	28
91	1000	28
216	1000	28
146	18000	28
175	5000	28
211	700	28
242	700	28
204	7000	28
91	9000	28
35	800	28
45	1000	28
96	19000	28
8	14000	28
193	13000	28
124	8000	28
25	13000	28
9	100	28
208	900	28
110	10000	28
207	18000	28
156	4000	28
9	10000	28
212	5000	28
225	20000	28
241	17000	28
164	100	28
41	800	28
60	900	28
234	17000	28
204	16000	28
188	7000	28
99	100	28
123	5000	28
197	15000	28
167	19000	28
121	20000	28
21	4000	28
74	14000	28
13	1000	28
230	13000	28
186	8000	28
234	18000	28
41	1000	28
171	19000	28
164	8000	28
214	700	28
71	2000	28
114	12000	28
236	14000	28
30	17000	28
140	300	28
30	10000	28
131	100	28
163	14000	28
157	9000	28
51	12000	28
3	16000	28
197	14000	28
58	17000	28
136	600	28
79	3000	28
129	500	28
241	6000	28
34	18000	28
94	20000	28
10	100	28
26	19000	28
154	16000	28
82	6000	28
71	5000	28
125	1000	28
129	700	28
93	20000	28
42	400	28
51	15000	28
158	18000	28
7	5000	28
200	10000	28
163	11000	28
194	600	28
176	11000	28
62	7000	28
48	16000	28
189	5000	28
60	11000	28
163	900	28
108	15000	28
220	12000	28
100	800	28
113	11000	28
208	2000	28
66	17000	28
139	20000	28
190	3000	28
226	1000	28
76	16000	28
110	7000	28
83	1000	28
4	16000	28
167	400	28
196	12000	28
204	5000	28
207	11000	28
214	6000	28
11	11000	28
223	7000	28
233	800	28
88	16000	28
214	600	28
205	400	28
109	18000	28
170	300	28
96	11000	28
131	12000	28
86	8000	28
115	300	28
172	11000	28
49	17000	28
168	1000	28
131	7000	28
75	16000	28
247	17000	28
238	1000	28
88	1000	28
197	900	28
154	18000	28
193	17000	28
159	10000	28
70	13000	28
111	10000	28
41	8000	28
230	400	28
62	600	28
170	3000	28
171	200	28
92	12000	28
184	1000	28
46	1000	28
178	1000	28
123	100	28
117	100	28
74	300	28
65	20000	28
66	100	28
93	3000	28
215	200	28
241	700	28
210	9000	28
85	8000	28
232	17000	28
82	100	28
107	4000	28
144	900	28
179	4000	28
135	3000	28
10	11000	28
112	200	28
124	17000	28
35	500	28
248	100	28
27	800	28
195	15000	28
229	18000	28
34	1000	28
198	1000	28
53	4000	28
250	4000	28
68	400	28
241	800	28
241	1000	28
203	400	28
206	19000	28
6	400	28
229	200	28
106	4000	28
164	1000	28
136	3000	28
138	13000	28
188	19000	28
10	6000	28
168	2000	28
228	5000	28
238	100	28
189	1000	28
161	19000	28
11	4000	28
117	4000	28
209	16000	28
152	300	28
124	16000	28
54	20000	28
217	3000	28
190	4000	28
188	11000	28
163	20000	28
75	5000	28
220	900	28
193	12000	28
136	10000	28
64	18000	28
48	12000	28
92	500	28
114	20000	28
216	700	28
139	6000	28
240	20000	28
2	8000	28
160	200	28
244	3000	28
109	13000	28
168	16000	28
172	6000	28
69	900	28
143	8000	28
250	300	28
212	4000	28
120	6000	28
149	500	28
77	13000	28
29	11000	28
207	8000	28
170	14000	28
141	8000	28
92	10000	28
76	800	28
235	800	28
201	800	28
215	1000	28
199	4000	28
138	1000	28
148	700	28
149	900	28
195	800	28
107	100	28
3	2000	28
235	13000	28
1	13000	28
250	500	28
56	10000	28
229	6000	28
235	1000	28
41	20000	28
1	300	28
215	17000	28
133	5000	28
94	7000	28
161	1000	28
150	600	28
234	2000	28
148	2000	28
63	16000	28
51	200	28
167	3000	28
243	10000	28
187	9000	28
146	7000	28
172	500	28
169	1000	28
20	15000	28
244	15000	28
63	7000	28
142	2000	28
43	18000	28
169	1000	28
161	13000	28
48	4000	28
238	18000	28
197	400	28
26	15000	28
120	12000	28
24	1000	28
161	15000	28
121	6000	28
143	18000	28
2	2000	28
146	1000	28
194	1000	28
240	1000	28
155	3000	28
25	2000	28
173	20000	28
165	700	28
156	800	28
151	16000	28
112	2000	28
84	100	28
76	9000	28
41	300	28
133	2000	28
163	6000	28
180	20000	28
207	20000	28
50	900	28
242	600	28
147	400	28
30	800	28
94	100	28
69	5000	28
95	2000	28
169	800	28
188	1000	28
162	900	28
185	17000	28
195	17000	28
183	800	28
71	200	28
80	7000	28
18	200	28
71	4000	28
51	16000	28
24	600	28
187	100	28
59	1000	28
175	7000	28
68	800	28
170	20000	28
37	400	28
8	8000	28
179	15000	28
73	17000	28
23	11000	28
205	1000	28
75	700	28
226	19000	28
19	11000	28
3	300	28
248	10000	28
104	14000	28
212	16000	28
206	300	28
39	700	28
143	700	28
105	16000	28
187	20000	28
221	1000	28
209	6000	28
150	3000	28
51	5000	28
62	4000	28
173	4000	28
221	10000	28
240	300	28
156	900	28
152	6000	28
208	9000	28
2	17000	28
226	17000	28
41	400	28
239	6000	28
232	4000	28
209	1000	28
51	13000	28
222	9000	28
138	500	28
21	10000	28
95	16000	28
227	2000	28
226	6000	28
44	1000	28
200	15000	28
85	20000	28
133	300	28
49	5000	28
21	600	28
55	4000	28
110	1000	28
142	20000	28
91	15000	28
81	5000	28
63	500	28
63	12000	28
133	14000	28
147	3000	28
216	5000	28
144	300	28
25	400	28
132	11000	28
157	5000	28
17	500	28
25	700	28
217	200	28
143	3000	28
52	1000	28
123	10000	28
31	900	28
32	3000	28
176	20000	28
8	12000	28
107	1000	28
211	12000	28
217	16000	28
86	16000	28
194	200	28
91	1000	28
88	300	28
21	11000	28
248	18000	28
48	1000	28
221	13000	28
184	8000	28
36	10000	28
140	4000	28
33	11000	28
13	13000	28
126	1000	28
81	200	28
103	900	28
27	5000	28
81	15000	28
166	18000	28
216	7000	28
77	500	28
45	400	28
149	600	28
231	9000	28
22	1000	28
62	16000	28
139	11000	28
73	3000	28
189	200	28
164	1000	28
7	200	28
224	600	28
27	18000	28
201	18000	28
227	13000	28
250	700	28
144	14000	28
229	500	28
136	20000	28
105	7000	28
98	400	28
69	1000	28
86	800	28
177	900	28
177	11000	28
217	400	28
208	7000	28
234	400	28
242	1000	28
125	3000	28
123	3000	28
176	8000	28
40	400	28
148	5000	28
174	15000	28
242	16000	28
226	13000	28
187	19000	28
227	4000	28
178	13000	28
197	1000	28
59	13000	28
6	18000	28
110	13000	28
71	3000	28
97	6000	28
239	4000	28
91	400	28
157	4000	28
68	100	28
109	15000	28
3	20000	28
35	17000	28
112	14000	28
198	10000	28
233	11000	28
125	300	28
147	5000	28
75	100	28
246	19000	28
31	17000	28
17	200	28
171	15000	28
175	500	28
214	4000	28
181	5000	28
96	900	28
66	1000	28
221	14000	28
133	20000	28
82	16000	28
53	1000	28
73	11000	28
208	18000	28
131	6000	28
231	400	28
242	9000	28
222	100	28
20	16000	28
144	13000	28
109	19000	28
35	200	28
49	800	28
18	12000	28
191	100	28
25	15000	28
74	400	28
31	19000	28
64	2000	28
97	800	28
14	4000	28
239	900	28
40	100	28
171	3000	28
102	5000	28
49	400	28
118	800	28
30	400	28
5	12000	28
96	3000	28
64	19000	28
23	3000	28
18	2000	28
119	900	28
6	4000	28
113	8000	28
238	11000	28
117	6000	28
151	13000	28
137	800	28
84	700	28
232	700	28
109	500	28
88	13000	28
11	300	28
61	400	28
230	15000	28
128	300	28
226	100	28
86	300	28
25	16000	28
196	300	28
86	10000	28
60	100	28
14	8000	28
239	16000	28
40	16000	28
185	8000	28
240	100	28
93	700	28
52	800	28
14	3000	28
67	200	28
59	14000	28
95	900	28
134	9000	28
107	900	28
41	12000	28
111	6000	28
98	17000	28
145	1000	28
190	16000	28
141	9000	28
14	13000	28
72	1000	28
137	6000	28
182	300	28
125	4000	28
153	2000	28
196	200	28
31	10000	28
65	14000	28
152	1000	28
237	3000	28
140	200	28
28	11000	28
149	11000	28
90	9000	28
57	5000	28
88	8000	28
137	4000	28
13	600	28
29	14000	28
186	14000	28
104	11000	28
95	20000	28
48	20000	28
56	7000	28
68	17000	28
244	16000	28
65	500	28
168	400	28
247	4000	28
137	19000	28
38	200	28
64	7000	28
245	5000	28
150	100	28
233	200	28
191	3000	28
100	4000	28
140	7000	28
139	16000	28
45	15000	28
120	100	28
217	11000	28
139	300	28
184	700	28
101	13000	28
56	14000	28
62	18000	28
23	18000	28
90	700	28
196	7000	28
17	400	28
60	200	28
131	400	28
231	700	28
227	5000	28
218	800	28
249	11000	28
182	4000	28
154	10000	28
128	9000	28
141	100	28
196	2000	28
69	700	28
249	2000	28
137	2000	28
44	14000	28
29	700	28
229	11000	28
173	14000	28
226	200	28
143	2000	28
199	400	28
11	8000	28
3	200	28
47	700	28
137	18000	28
133	3000	28
174	100	28
66	13000	28
225	2000	28
78	18000	28
237	600	28
89	10000	28
237	12000	28
172	1000	28
23	5000	28
16	7000	28
115	2000	28
202	11000	28
213	100	28
106	800	28
138	16000	28
37	500	28
80	1000	28
78	500	28
194	19000	28
194	20000	28
128	14000	28
30	7000	28
9	1000	28
119	7000	28
16	6000	28
8	900	28
52	11000	28
204	3000	28
66	9000	28
153	900	28
19	200	28
26	400	28
60	1000	28
85	1000	28
81	900	28
154	6000	28
138	15000	28
202	10000	28
9	1000	28
170	15000	28
127	3000	28
232	400	28
165	17000	28
16	100	28
234	3000	28
1	15000	28
244	5000	28
31	3000	28
247	3000	28
49	10000	28
94	1000	28
157	500	28
72	14000	28
129	8000	28
175	700	28
101	19000	28
105	10000	28
185	15000	28
47	200	28
108	800	28
36	800	28
158	500	28
177	3000	28
236	400	28
153	13000	28
245	800	28
148	1000	28
109	9000	28
111	5000	28
83	14000	28
62	5000	28
148	3000	28
5	1000	28
189	2000	28
67	6000	28
199	20000	28
203	800	28
111	1000	28
42	600	28
53	3000	28
119	800	28
72	18000	28
191	17000	28
84	13000	28
220	200	28
112	800	28
166	400	28
82	17000	28
18	300	28
143	300	28
10	2000	28
57	10000	28
212	300	28
2	600	28
134	15000	28
50	17000	28
112	9000	28
139	100	28
22	19000	28
201	14000	28
210	12000	28
92	16000	28
64	100	28
219	16000	28
176	7000	28
97	8000	28
43	1000	28
169	700	28
217	8000	28
193	400	28
160	6000	28
15	600	28
160	12000	28
7	14000	28
129	200	28
104	6000	28
235	12000	28
17	18000	28
208	14000	28
137	9000	28
175	18000	28
114	200	28
101	4000	28
32	7000	28
180	3000	28
138	6000	28
28	15000	28
152	5000	28
38	1000	28
172	1000	28
209	200	28
173	3000	28
28	2000	28
10	1000	28
82	12000	28
241	15000	28
243	2000	28
89	500	28
80	16000	28
50	6000	28
168	17000	28
106	2000	28
229	400	28
16	200	28
116	6000	28
70	500	28
93	7000	28
63	14000	28
228	1000	28
36	1000	28
185	600	28
17	5000	28
229	700	28
92	11000	28
35	9000	28
112	400	28
136	9000	28
103	3000	28
245	4000	28
211	100	28
165	18000	28
241	1000	28
48	9000	28
81	300	28
204	1000	28
56	11000	28
92	14000	28
248	11000	28
39	800	28
142	3000	28
44	5000	28
28	800	28
109	6000	28
183	3000	28
66	300	28
99	6000	28
116	12000	28
37	13000	28
82	13000	28
221	15000	28
201	300	28
150	7000	28
45	3000	28
172	14000	28
167	14000	28
216	13000	28
152	2000	28
94	1000	28
230	800	28
115	100	28
164	500	28
115	6000	28
44	11000	28
240	10000	28
238	4000	28
1	3000	28
130	2000	28
242	12000	28
53	1000	28
40	12000	28
206	6000	28
43	17000	28
176	19000	28
7	8000	28
187	800	28
72	6000	28
162	3000	28
190	14000	28
226	600	28
156	400	28
179	18000	28
174	19000	28
14	500	28
213	8000	28
31	8000	28
75	13000	28
107	600	28
215	19000	28
95	1000	28
181	500	28
164	5000	28
232	800	28
169	10000	28
48	800	28
75	6000	28
122	8000	28
96	4000	28
176	3000	28
130	20000	28
56	700	28
202	2000	28
59	12000	28
95	18000	28
123	1000	28
164	14000	28
160	8000	28
100	13000	28
14	800	28
71	800	28
150	6000	28
7	13000	28
226	20000	28
162	18000	28
169	19000	28
38	1000	28
194	5000	28
19	8000	28
236	15000	28
144	100	28
89	7000	28
67	19000	28
133	400	28
19	600	28
69	300	28
118	1000	28
218	1000	28
222	1000	28
183	200	28
57	17000	28
110	18000	28
45	600	28
210	15000	28
78	17000	28
97	300	28
98	500	28
62	9000	28
29	900	28
15	1000	28
231	17000	28
187	5000	28
120	3000	28
210	1000	28
56	16000	28
38	2000	28
130	900	28
233	5000	28
243	8000	28
110	6000	28
150	1000	28
116	500	28
142	600	28
147	500	28
231	8000	28
197	18000	28
210	700	28
234	14000	28
132	4000	28
90	300	28
155	500	28
194	800	28
220	2000	28
132	700	28
87	19000	28
208	11000	28
139	400	28
150	18000	28
243	3000	28
242	900	28
6	200	28
126	12000	28
245	1000	28
105	15000	28
195	9000	28
65	400	28
194	8000	28
116	17000	28
193	19000	28
198	4000	28
166	12000	28
74	12000	28
150	800	28
188	2000	28
191	1000	28
250	1000	28
78	8000	28
192	18000	28
35	11000	28
83	5000	28
217	800	28
74	500	28
55	100	28
136	11000	28
119	2000	28
59	2000	28
36	4000	28
34	3000	28
81	13000	28
177	800	28
233	14000	28
142	16000	28
113	1000	28
32	16000	28
31	100	28
13	700	28
182	600	28
38	9000	28
212	10000	28
29	400	28
10	13000	28
173	15000	28
63	13000	28
124	15000	28
37	2000	28
67	700	28
23	13000	28
203	13000	28
159	17000	28
24	700	28
107	11000	28
46	17000	28
128	15000	28
149	200	28
192	900	28
71	8000	28
8	300	28
148	18000	28
61	10000	28
230	1000	28
166	20000	28
36	15000	28
234	4000	28
145	17000	28
113	16000	28
202	600	28
79	800	28
11	3000	28
142	7000	28
99	17000	28
157	10000	28
184	20000	28
148	14000	28
85	16000	28
123	200	28
35	16000	28
183	8000	28
177	20000	28
64	500	28
241	900	28
196	14000	28
165	500	28
46	11000	28
84	1000	28
241	9000	28
157	16000	28
145	10000	28
114	7000	28
229	10000	28
5	16000	28
238	800	28
52	12000	28
118	6000	28
135	900	28
67	2000	28
141	10000	28
98	2000	28
68	300	28
245	2000	28
214	10000	28
113	14000	28
102	100	28
68	3000	28
216	18000	28
121	5000	28
21	18000	28
28	700	28
242	14000	28
198	600	28
63	1000	28
239	9000	28
39	100	28
59	100	28
37	9000	28
10	8000	28
234	1000	28
38	13000	28
111	17000	28
35	900	28
217	18000	28
6	11000	28
234	200	28
94	12000	28
239	7000	28
36	1000	28
127	300	28
196	600	28
61	8000	28
175	12000	28
89	1000	28
3	1000	28
67	14000	28
76	20000	28
44	16000	28
94	3000	28
207	10000	28
70	6000	28
29	13000	28
191	10000	28
199	14000	28
240	600	28
18	7000	28
50	20000	28
80	11000	28
2	10000	28
157	19000	28
174	500	28
235	700	28
64	8000	28
181	8000	28
211	800	28
227	18000	28
223	9000	28
132	900	28
202	20000	28
193	2000	28
239	5000	28
132	12000	28
199	200	28
228	19000	28
21	700	28
148	800	28
11	9000	28
214	300	28
235	18000	28
240	400	28
154	8000	28
130	11000	28
233	8000	28
45	20000	28
99	1000	28
24	16000	28
250	14000	28
123	7000	28
236	100	28
14	1000	28
134	900	28
101	400	28
195	700	28
105	12000	28
152	11000	28
123	700	28
52	18000	28
54	9000	28
62	700	28
242	13000	28
12	200	28
232	1000	28
130	7000	28
34	13000	28
181	15000	28
227	11000	28
73	4000	28
118	700	28
179	11000	28
230	1000	28
231	600	28
199	6000	28
91	3000	28
126	400	28
17	300	28
228	14000	28
24	11000	28
146	12000	28
157	14000	28
150	9000	28
58	200	28
65	3000	28
19	7000	28
211	500	28
8	17000	28
3	7000	28
177	15000	28
243	800	28
80	700	28
219	10000	28
129	16000	28
11	1000	28
90	500	28
111	300	28
183	13000	28
244	11000	28
65	16000	28
4	700	28
241	18000	28
26	600	28
199	700	28
49	8000	28
137	1000	28
144	12000	28
182	900	28
240	11000	28
107	300	28
168	600	28
84	500	28
1	400	28
121	300	28
176	4000	28
41	2000	28
74	200	28
60	8000	28
88	800	28
203	1000	28
146	400	28
102	200	28
217	20000	28
56	1000	28
173	2000	28
43	8000	28
64	16000	28
248	200	28
76	17000	28
46	100	28
39	12000	28
40	700	28
192	17000	28
149	10000	28
9	16000	28
137	1000	28
32	500	28
190	15000	28
216	6000	28
206	18000	28
239	100	28
219	500	28
140	3000	28
230	19000	28
94	700	28
57	9000	28
190	6000	28
155	8000	28
232	13000	28
84	4000	28
157	17000	28
23	20000	28
176	18000	28
45	6000	28
78	12000	28
208	12000	28
196	10000	28
100	400	28
222	7000	28
21	19000	28
29	7000	28
180	200	28
172	3000	28
128	700	28
60	19000	28
179	900	28
175	8000	28
240	17000	28
62	1000	28
57	1000	28
100	1000	28
197	16000	28
145	19000	28
226	11000	28
20	6000	28
193	1000	28
180	100	28
145	300	28
54	15000	28
193	100	28
81	3000	28
238	400	28
52	200	28
170	17000	28
26	1000	28
174	600	28
181	700	28
15	1000	28
119	15000	28
122	7000	28
40	13000	28
144	5000	28
84	15000	28
129	600	28
192	14000	28
94	8000	28
103	19000	28
227	700	28
171	17000	28
223	12000	28
22	13000	28
179	9000	28
196	500	28
77	400	28
226	800	28
115	200	28
147	700	28
216	20000	28
4	9000	28
39	900	28
91	18000	28
179	600	28
28	900	28
30	300	28
93	10000	28
54	5000	28
163	4000	28
214	13000	28
155	14000	28
229	300	28
147	15000	28
160	19000	28
217	2000	28
121	100	28
46	14000	28
209	15000	28
238	14000	28
31	300	28
201	16000	28
84	20000	28
117	7000	28
116	16000	28
86	5000	28
96	800	28
17	20000	28
72	17000	28
247	11000	28
70	800	28
154	2000	28
120	14000	28
23	12000	28
192	10000	28
232	100	28
158	2000	28
238	700	28
162	10000	28
1	10000	28
57	700	28
248	600	28
124	7000	28
112	1000	28
77	10000	28
103	6000	28
179	6000	28
41	13000	28
74	19000	28
212	800	28
177	100	28
2	16000	28
37	11000	28
29	19000	28
21	100	28
82	700	28
51	9000	28
51	4000	28
187	7000	28
194	4000	28
200	17000	28
129	5000	28
85	13000	28
5	9000	28
240	500	28
116	14000	28
43	14000	28
22	600	28
206	10000	28
147	11000	28
59	16000	28
143	800	28
137	8000	28
165	3000	28
94	400	28
110	300	28
136	18000	28
84	3000	28
86	400	28
104	100	28
65	8000	28
68	12000	28
40	14000	28
81	100	28
79	1000	28
39	8000	28
37	3000	28
162	14000	28
223	5000	28
89	4000	28
214	9000	28
237	5000	28
107	9000	28
147	900	28
209	400	28
237	200	28
12	20000	28
202	15000	28
111	14000	28
168	18000	28
122	11000	28
224	20000	28
3	400	28
138	14000	28
213	1000	28
31	20000	28
158	400	28
141	5000	28
9	13000	28
36	20000	28
175	900	28
26	4000	28
60	18000	28
131	10000	28
113	100	28
23	14000	28
10	7000	28
198	2000	28
76	3000	28
166	3000	28
25	900	28
234	16000	28
96	200	28
100	300	28
124	9000	28
54	1000	28
133	7000	28
169	300	28
25	100	28
208	6000	28
247	2000	28
51	100	28
13	7000	28
151	11000	28
197	12000	28
83	16000	28
85	3000	28
228	13000	28
47	9000	28
69	18000	28
12	17000	28
187	400	28
72	1000	28
24	400	28
87	5000	28
219	13000	28
20	600	28
149	300	28
225	300	28
36	600	28
117	15000	28
14	2000	28
220	16000	28
241	7000	28
66	10000	28
152	13000	28
230	5000	28
53	800	28
157	20000	28
207	16000	28
208	100	28
123	19000	28
165	600	28
58	600	28
187	600	28
3	18000	28
8	200	28
8	20000	28
88	6000	28
137	5000	28
106	700	28
153	700	28
206	800	28
79	17000	28
102	16000	28
75	1000	28
138	20000	28
42	100	28
163	12000	28
98	1000	28
65	700	28
5	200	28
14	19000	28
114	300	28
225	500	28
123	400	28
11	18000	28
64	14000	28
55	8000	28
48	200	28
42	900	28
58	14000	28
210	20000	28
130	6000	28
76	400	28
72	19000	28
150	14000	28
112	6000	28
119	200	28
37	14000	28
66	19000	28
49	3000	28
84	19000	28
195	11000	28
79	4000	28
163	16000	28
220	15000	28
145	11000	28
206	400	28
82	15000	28
107	1000	28
180	7000	28
161	11000	28
100	500	28
80	300	28
65	300	28
61	100	28
178	1000	28
146	2000	28
74	100	28
81	17000	28
232	600	28
223	600	28
205	6000	28
170	6000	28
179	2000	28
65	9000	28
167	15000	28
49	12000	28
30	11000	28
81	10000	28
70	700	28
127	9000	28
71	700	28
195	500	28
208	13000	28
33	15000	28
15	9000	28
27	8000	28
17	16000	28
17	2000	28
16	19000	28
211	19000	28
3	100	28
164	20000	28
168	15000	28
33	1000	28
232	7000	28
234	700	28
11	14000	28
177	4000	28
33	2000	28
70	1000	28
20	900	28
236	9000	28
84	12000	28
15	18000	28
103	9000	28
59	9000	28
117	5000	28
232	5000	28
64	400	28
169	4000	28
114	11000	28
26	13000	28
181	18000	28
222	900	28
69	7000	28
35	14000	28
204	17000	28
180	10000	28
101	16000	28
218	12000	28
85	500	28
91	16000	28
5	5000	28
249	800	28
165	11000	28
30	5000	28
33	18000	28
203	5000	28
128	800	28
157	1000	28
211	900	28
195	900	28
228	17000	28
4	100	28
160	2000	28
250	11000	28
75	4000	28
233	15000	28
206	4000	28
237	400	28
29	600	28
180	6000	28
240	8000	28
171	300	28
224	13000	28
69	16000	28
228	800	28
162	800	28
120	16000	28
79	700	28
98	1000	28
206	3000	28
120	300	28
168	6000	28
102	17000	28
53	9000	28
222	600	28
62	17000	28
108	20000	28
93	18000	28
110	17000	28
49	18000	28
220	600	28
35	13000	28
81	14000	28
206	700	28
191	700	28
131	600	28
20	700	28
139	8000	28
177	2000	28
120	1000	28
146	4000	28
132	300	28
87	8000	28
77	2000	28
216	11000	28
162	16000	28
157	7000	28
221	600	28
113	400	28
142	15000	28
22	200	28
134	8000	28
180	18000	28
173	10000	28
201	7000	28
11	700	28
187	200	28
248	13000	28
7	17000	28
121	12000	28
18	6000	28
104	2000	28
53	12000	28
38	6000	28
182	16000	28
224	9000	28
24	2000	28
96	17000	28
218	15000	28
44	1000	28
68	10000	28
181	400	28
48	700	28
181	11000	28
98	300	28
228	500	28
101	500	28
182	18000	28
53	600	28
133	8000	28
56	2000	28
195	300	28
28	7000	28
249	18000	28
124	12000	28
83	6000	28
117	9000	28
24	4000	28
2	9000	28
23	700	28
19	700	28
9	18000	28
154	19000	28
169	6000	28
217	5000	28
129	18000	28
101	1000	28
39	20000	28
188	3000	28
169	2000	28
118	8000	28
113	2000	28
72	7000	28
98	100	28
195	18000	28
113	15000	28
24	7000	28
33	17000	28
183	4000	28
1	4000	28
64	11000	28
187	12000	28
153	500	28
59	700	28
207	100	28
94	14000	28
173	300	28
49	600	28
187	13000	28
40	19000	28
125	2000	28
61	13000	28
64	200	28
226	15000	28
250	100	28
153	400	28
193	11000	28
56	6000	28
167	2000	28
186	6000	28
122	6000	28
97	12000	28
23	15000	28
127	14000	28
161	17000	28
185	19000	28
123	15000	28
128	200	28
215	14000	28
54	19000	28
237	10000	28
234	7000	28
182	11000	28
217	6000	28
221	1000	28
109	16000	28
188	700	28
217	14000	28
172	200	28
120	13000	28
102	9000	28
190	20000	28
112	17000	28
138	4000	28
121	600	28
69	3000	28
249	8000	28
126	300	28
71	1000	28
185	200	28
134	100	28
162	5000	28
149	16000	28
193	800	28
66	5000	28
173	200	28
34	5000	28
70	5000	28
36	14000	28
92	300	28
137	900	28
134	700	28
123	14000	28
120	18000	28
87	6000	28
105	200	28
245	14000	28
39	13000	28
97	20000	28
207	6000	28
63	20000	28
68	15000	28
233	1000	28
213	5000	28
74	9000	28
26	6000	28
1	17000	28
10	1000	28
76	15000	28
100	19000	28
127	1000	28
205	20000	28
136	300	28
215	11000	28
246	17000	28
105	11000	28
86	2000	28
38	20000	28
61	900	28
227	16000	28
198	15000	28
174	10000	28
186	13000	28
155	9000	28
192	100	28
192	13000	28
135	2000	28
110	11000	28
149	100	28
170	1000	28
189	10000	28
108	100	28
36	500	28
234	11000	28
80	18000	28
226	5000	28
53	5000	28
2	500	28
221	9000	28
218	300	28
105	800	28
205	15000	28
241	10000	28
5	7000	28
20	11000	28
43	400	28
21	1000	28
239	200	28
60	500	28
15	6000	28
194	14000	28
104	200	28
66	12000	28
30	18000	28
70	16000	28
121	13000	28
88	900	28
235	8000	28
37	900	28
74	900	28
179	3000	28
246	200	28
128	1000	28
6	14000	28
139	200	28
191	900	28
85	15000	28
19	18000	28
230	17000	28
59	400	28
132	600	28
153	5000	28
195	3000	28
23	10000	28
7	600	28
136	4000	28
215	20000	28
148	7000	28
196	1000	28
75	800	28
159	600	28
70	14000	28
89	14000	28
96	1000	28
121	17000	28
114	400	28
134	11000	28
101	9000	28
90	10000	28
189	600	28
92	7000	28
16	900	28
9	7000	28
220	7000	28
167	100	28
194	6000	28
80	14000	28
89	20000	28
8	600	28
83	11000	28
134	18000	28
121	9000	28
54	17000	28
244	13000	28
9	15000	28
78	16000	28
68	1000	28
88	700	28
13	800	28
132	800	28
11	6000	28
146	8000	28
12	16000	28
100	6000	28
21	20000	28
64	3000	28
171	16000	28
54	800	28
82	3000	28
163	700	28
191	15000	28
81	8000	28
221	300	28
9	20000	28
127	100	28
186	500	28
172	600	28
60	13000	28
153	1000	28
96	16000	28
215	2000	28
141	15000	28
46	4000	28
145	500	28
248	500	28
27	15000	28
67	600	28
23	17000	28
34	900	28
43	19000	28
114	6000	28
114	10000	28
158	13000	28
196	700	28
230	900	28
58	100	28
118	16000	28
51	6000	28
148	16000	28
44	200	28
12	4000	28
32	900	28
79	6000	28
203	6000	28
59	18000	28
208	15000	28
130	200	28
60	3000	28
107	13000	28
120	5000	28
107	8000	28
161	800	28
22	7000	28
110	15000	28
21	1000	28
9	4000	28
207	800	28
91	500	28
7	6000	28
90	20000	28
17	15000	28
98	9000	28
73	500	28
182	200	28
226	500	28
130	600	28
61	1000	28
55	600	28
16	4000	28
16	8000	28
141	2000	28
103	16000	28
245	1000	28
99	19000	28
163	3000	28
83	200	28
233	300	28
92	9000	28
150	10000	28
151	9000	28
25	1000	28
43	6000	28
4	1000	28
201	9000	28
143	4000	28
37	20000	28
177	600	28
155	5000	28
28	13000	28
208	16000	28
225	17000	28
33	8000	28
111	700	28
9	400	28
21	6000	28
93	4000	28
89	700	28
99	300	28
127	13000	28
139	5000	28
123	1000	28
106	400	28
85	7000	28
231	2000	28
25	19000	28
67	7000	28
55	18000	28
87	800	28
119	10000	28
7	16000	28
140	12000	28
185	4000	28
205	700	28
160	14000	28
130	10000	28
151	800	28
68	20000	28
212	200	28
134	6000	28
240	200	28
70	9000	28
168	4000	28
19	1000	28
238	16000	28
151	7000	28
175	11000	28
51	1000	28
246	3000	28
215	10000	28
238	12000	28
158	9000	28
17	3000	28
178	6000	28
213	18000	28
72	300	28
133	1000	28
13	100	28
55	16000	28
77	11000	28
151	20000	28
228	9000	28
76	7000	28
134	7000	28
190	900	28
100	10000	28
103	800	28
178	11000	28
134	3000	28
244	200	28
82	10000	28
135	8000	28
23	600	28
64	600	28
50	600	28
45	4000	28
249	300	28
17	100	28
121	8000	28
113	10000	28
219	11000	28
115	9000	28
175	19000	28
187	1000	28
99	11000	28
197	700	28
70	400	28
245	600	28
63	8000	28
207	9000	28
103	700	28
93	1000	28
43	2000	28
202	400	28
223	8000	28
68	6000	28
172	13000	28
108	3000	28
19	10000	28
177	1000	28
55	9000	28
142	400	28
26	5000	28
160	7000	28
95	8000	28
193	600	28
2	11000	28
212	1000	28
79	20000	28
105	17000	28
134	400	28
143	1000	28
229	1000	28
218	100	28
98	700	28
17	4000	28
192	8000	28
74	7000	28
171	14000	28
219	800	28
231	5000	28
125	700	28
5	4000	28
153	14000	28
196	15000	28
13	500	28
49	19000	28
80	20000	28
201	12000	28
17	700	28
23	16000	28
206	100	28
237	700	28
42	19000	28
104	8000	28
113	4000	28
231	500	28
135	1000	28
117	1000	28
45	8000	28
165	13000	28
120	2000	28
181	1000	28
240	14000	28
242	5000	28
108	17000	28
85	1000	28
104	7000	28
66	6000	28
90	17000	28
100	20000	28
141	600	28
194	16000	28
22	5000	28
3	17000	28
130	17000	28
82	800	28
98	900	28
52	1000	28
103	10000	28
69	100	28
57	18000	28
246	7000	28
233	600	28
41	6000	28
65	15000	28
1	200	28
136	12000	28
110	16000	28
197	13000	28
234	6000	28
88	200	28
84	200	28
98	200	28
111	800	28
7	15000	28
16	1000	28
145	6000	28
123	500	28
24	18000	28
151	500	28
236	4000	28
188	20000	28
176	14000	28
242	11000	28
52	8000	28
117	2000	28
119	20000	28
153	600	28
145	900	28
224	400	28
62	400	28
2	1000	28
35	300	28
153	19000	28
100	7000	28
180	19000	28
188	9000	28
176	1000	28
25	14000	28
87	20000	28
32	12000	28
90	18000	28
249	5000	28
7	1000	28
51	7000	28
26	7000	28
213	300	28
69	2000	28
226	3000	28
107	5000	28
247	12000	28
160	11000	28
3	19000	28
42	300	28
81	12000	28
219	900	28
58	8000	28
143	20000	28
189	15000	28
249	15000	28
119	400	28
131	4000	28
25	11000	28
208	20000	28
48	14000	28
209	500	28
101	100	28
250	6000	28
241	12000	28
42	700	28
134	19000	28
58	12000	28
24	300	28
103	14000	28
5	2000	28
182	700	28
248	7000	28
51	700	28
50	700	28
23	800	28
44	100	28
20	19000	28
16	11000	28
76	19000	28
195	100	28
101	11000	28
53	11000	28
43	900	28
139	7000	28
39	7000	28
59	19000	28
83	600	28
122	19000	28
67	18000	28
198	100	28
94	6000	28
147	600	28
31	400	28
113	13000	28
41	18000	28
79	7000	28
186	9000	28
121	19000	28
96	7000	28
228	20000	28
248	12000	28
79	300	28
65	18000	28
240	900	28
153	18000	28
8	400	28
65	17000	28
13	18000	28
175	100	28
126	15000	28
35	12000	28
85	17000	28
126	19000	28
33	12000	28
31	1000	28
113	800	28
122	600	28
186	400	28
135	500	28
155	800	28
170	800	28
150	12000	28
174	2000	28
236	300	28
218	1000	28
136	100	28
198	17000	28
88	11000	28
168	200	28
103	100	28
43	300	28
154	400	28
12	900	28
211	7000	28
71	19000	28
146	20000	28
117	800	28
227	900	28
3	9000	28
127	18000	28
150	300	28
16	600	28
43	15000	28
102	11000	28
248	19000	28
133	1000	28
115	500	28
46	2000	28
59	200	28
24	10000	28
192	9000	28
120	10000	28
65	200	28
111	15000	28
189	11000	28
195	10000	28
225	7000	28
246	800	28
215	9000	28
213	10000	28
212	17000	28
190	700	28
48	7000	28
2	6000	28
211	5000	28
249	400	28
157	700	28
44	2000	28
239	19000	28
156	19000	28
47	2000	28
169	7000	28
13	20000	28
15	100	28
141	12000	28
57	600	28
33	1000	28
117	16000	28
20	4000	28
233	10000	28
182	10000	28
107	500	28
172	5000	28
73	400	28
209	600	28
96	300	28
129	12000	28
78	19000	28
175	2000	28
144	17000	28
70	12000	28
101	900	28
142	1000	28
26	1000	28
186	7000	28
225	19000	28
144	2000	28
94	300	28
129	2000	28
76	6000	28
213	200	28
237	4000	28
102	300	28
189	18000	28
96	1000	28
207	900	28
166	15000	28
156	18000	28
139	17000	28
135	800	28
208	8000	28
202	8000	28
182	1000	28
218	11000	28
129	19000	28
208	800	28
1	14000	28
92	18000	28
183	900	28
209	18000	28
136	8000	28
121	1000	28
74	13000	28
66	8000	28
44	20000	28
184	800	28
127	7000	28
249	200	28
74	15000	28
239	15000	28
180	12000	28
108	900	28
105	2000	28
174	300	28
61	3000	28
240	2000	28
236	700	28
75	12000	28
108	500	28
226	400	28
231	7000	28
125	5000	28
73	900	28
23	6000	28
224	100	28
32	5000	28
71	17000	28
66	1000	28
181	900	28
156	13000	28
78	400	28
24	12000	28
82	900	28
109	11000	28
41	700	28
219	600	28
75	17000	28
113	1000	28
134	17000	28
42	11000	28
93	12000	28
80	17000	28
201	200	28
51	2000	28
87	1000	28
161	900	28
79	200	28
17	6000	28
8	5000	28
103	12000	28
141	17000	28
96	6000	28
199	13000	28
147	12000	28
32	300	28
226	12000	28
121	3000	28
107	2000	28
102	1000	28
223	13000	28
11	1000	28
6	17000	28
195	5000	28
51	1000	28
85	800	28
197	17000	28
246	15000	28
121	11000	28
40	8000	28
47	12000	28
19	6000	28
100	5000	28
148	20000	28
246	600	28
56	1000	28
87	1000	28
167	20000	28
10	700	28
163	100	28
68	700	28
237	1000	28
110	700	28
7	300	28
58	18000	28
118	11000	28
65	800	28
223	100	28
7	700	28
51	14000	28
54	11000	28
166	13000	28
232	15000	28
61	4000	28
89	11000	28
34	12000	28
16	1000	28
107	7000	28
19	3000	28
131	11000	28
225	18000	28
201	1000	28
146	500	28
29	9000	28
99	400	28
49	4000	28
161	16000	28
75	9000	28
62	500	28
156	200	28
83	100	28
27	4000	28
116	2000	28
70	4000	28
135	6000	28
115	14000	28
227	1000	28
56	17000	28
175	17000	28
90	1000	28
144	7000	28
67	3000	28
14	18000	28
112	8000	28
52	500	28
185	18000	28
158	19000	28
102	600	28
215	16000	28
77	15000	28
68	200	28
203	500	28
115	700	28
26	100	28
125	17000	28
73	14000	28
108	18000	28
101	3000	28
100	1000	28
227	200	28
28	400	28
95	17000	28
238	300	28
162	4000	28
154	12000	28
154	700	28
175	15000	28
226	700	28
237	300	28
63	4000	28
13	3000	28
170	7000	28
59	1000	28
192	200	28
136	15000	28
67	4000	28
207	7000	28
102	2000	28
7	1000	28
115	1000	28
38	800	28
131	19000	28
206	16000	28
57	500	28
48	5000	28
247	19000	28
183	15000	28
151	600	28
200	8000	28
93	14000	28
166	16000	28
234	5000	28
152	7000	28
218	3000	28
145	400	28
7	800	28
33	7000	28
58	20000	28
73	5000	28
96	2000	28
152	19000	28
100	15000	28
49	20000	28
112	600	28
119	5000	28
123	18000	28
64	1000	28
166	700	28
192	5000	28
27	500	28
140	600	28
14	9000	28
205	200	28
156	3000	28
148	11000	28
113	12000	28
235	3000	28
248	16000	28
204	12000	28
186	18000	28
248	800	28
158	11000	28
186	4000	28
78	100	28
130	4000	28
139	1000	28
7	900	28
195	2000	28
137	11000	28
141	1000	28
203	2000	28
166	9000	28
149	9000	28
61	20000	28
208	200	28
67	20000	28
95	400	28
173	16000	28
44	17000	28
226	1000	28
165	7000	28
6	6000	28
76	10000	28
35	10000	28
203	4000	28
163	300	28
148	9000	28
223	1000	28
96	10000	28
91	20000	28
93	13000	28
178	100	28
11	5000	28
124	19000	28
76	11000	28
244	700	28
10	300	28
164	9000	28
104	18000	28
86	17000	28
179	500	28
28	12000	28
198	19000	28
25	10000	28
133	18000	28
157	200	28
54	7000	28
212	500	28
100	16000	28
147	9000	28
239	11000	28
167	300	28
157	800	28
82	8000	28
140	500	28
187	14000	28
28	3000	28
220	300	28
113	300	28
128	100	28
246	700	28
158	15000	28
30	4000	28
73	600	28
221	100	28
215	7000	28
1	600	28
92	15000	28
186	800	28
85	600	28
209	7000	28
23	1000	28
223	200	28
71	14000	28
184	600	28
158	16000	28
15	2000	28
137	700	28
189	100	28
99	16000	28
174	13000	28
232	18000	28
121	800	28
67	300	28
99	15000	28
215	6000	28
155	600	28
55	19000	28
118	17000	28
204	900	28
231	800	28
12	10000	28
31	16000	28
193	18000	28
7	9000	28
233	9000	28
247	14000	28
163	13000	28
68	2000	28
209	14000	28
193	6000	28
27	1000	28
32	800	28
191	300	28
191	5000	28
62	200	28
112	300	28
214	7000	28
236	13000	28
11	15000	28
149	19000	28
119	600	28
120	200	28
206	2000	28
163	5000	28
225	400	28
219	200	28
25	5000	28
161	5000	28
16	2000	28
108	1000	28
22	17000	28
117	12000	28
128	600	28
19	9000	28
224	11000	28
86	1000	28
9	700	28
66	11000	28
90	600	28
34	1000	28
155	1000	28
246	1000	28
242	1000	28
68	9000	28
163	500	28
84	17000	28
77	12000	28
210	7000	28
111	900	28
206	11000	28
208	300	28
145	14000	28
204	1000	28
137	200	28
76	300	28
98	5000	28
129	10000	28
71	9000	28
36	3000	28
201	6000	28
143	14000	28
183	12000	28
38	700	28
46	900	28
110	500	28
230	11000	28
24	8000	28
141	800	28
140	100	28
40	500	28
180	5000	28
236	200	28
207	600	28
132	5000	28
209	900	28
237	13000	28
203	700	28
158	200	28
124	200	28
151	6000	28
179	17000	28
146	600	28
12	500	28
191	7000	28
58	5000	28
51	20000	28
219	2000	28
100	8000	28
7	500	28
126	3000	28
153	800	28
171	900	28
133	13000	28
155	900	28
197	7000	28
17	800	28
221	8000	28
56	300	28
164	7000	28
145	200	28
191	500	28
229	5000	28
146	10000	28
228	400	28
59	6000	28
22	20000	28
52	15000	28
166	500	28
29	3000	28
106	5000	28
18	600	28
107	19000	28
144	10000	28
26	11000	28
17	1000	28
71	600	28
219	400	28
63	400	28
228	8000	28
7	20000	28
43	100	28
228	2000	28
191	2000	28
184	12000	28
233	7000	28
100	11000	28
139	18000	28
146	14000	28
155	4000	28
228	7000	28
22	9000	28
21	900	28
14	14000	28
176	900	28
126	20000	28
64	6000	28
204	8000	28
138	5000	28
108	5000	28
37	17000	28
240	13000	28
204	9000	28
216	3000	28
93	9000	28
178	16000	28
243	600	28
94	9000	28
224	700	28
233	4000	28
236	800	28
6	15000	28
213	19000	28
241	5000	28
27	100	28
235	16000	28
26	2000	28
21	16000	28
98	600	28
12	19000	28
222	700	28
201	100	28
155	7000	28
230	12000	28
45	900	28
223	19000	28
47	6000	28
65	100	28
119	3000	28
190	19000	28
32	200	28
98	800	28
13	16000	28
211	4000	28
234	600	28
99	800	28
122	700	28
144	1000	28
169	15000	28
166	1000	28
200	19000	28
174	9000	28
45	18000	28
54	4000	28
106	8000	28
205	7000	28
188	17000	28
51	3000	28
65	1000	28
116	300	28
196	8000	28
105	13000	28
127	16000	28
40	3000	28
56	20000	28
68	14000	28
154	3000	28
218	19000	28
180	4000	28
124	18000	28
41	16000	28
41	200	28
108	6000	28
112	19000	28
212	12000	28
186	600	28
57	11000	28
11	12000	28
112	16000	28
52	600	28
46	10000	28
96	500	28
180	15000	28
91	600	28
90	2000	28
210	18000	28
67	16000	28
222	18000	28
58	800	28
243	6000	28
203	600	28
5	600	28
88	7000	28
241	500	28
75	900	28
60	800	28
30	900	28
190	11000	28
168	12000	28
85	400	28
104	600	28
50	16000	28
80	19000	28
175	14000	28
157	2000	28
131	15000	28
56	8000	28
228	11000	28
135	200	28
143	5000	28
92	700	28
214	100	28
227	8000	28
120	400	28
10	600	28
89	900	28
150	19000	28
189	16000	28
194	1000	28
15	200	28
145	1000	28
119	6000	28
36	5000	28
134	800	28
48	18000	28
241	400	28
167	1000	28
214	20000	28
110	4000	28
119	700	28
243	11000	28
196	100	28
97	18000	28
246	18000	28
127	800	28
204	800	28
146	800	28
124	10000	28
184	10000	28
207	17000	28
41	600	28
104	1000	28
67	11000	28
107	400	28
3	10000	28
225	5000	28
76	700	28
224	2000	28
16	18000	28
46	3000	28
37	8000	28
180	17000	28
129	7000	28
190	13000	28
28	19000	28
198	7000	28
191	200	28
159	19000	28
142	500	28
48	1000	28
160	20000	28
83	900	28
137	7000	28
1	500	28
157	8000	28
70	100	28
71	300	28
32	600	28
237	9000	28
225	200	28
243	500	28
200	14000	28
235	17000	28
204	4000	28
188	18000	28
53	19000	28
165	100	28
182	9000	28
14	10000	28
242	100	28
15	15000	28
11	10000	28
200	7000	28
88	3000	28
206	8000	28
203	1000	28
99	200	28
58	1000	28
155	10000	28
112	900	28
194	12000	28
20	3000	28
169	13000	28
132	8000	28
95	19000	28
236	1000	28
36	8000	28
204	6000	28
178	400	28
158	10000	28
67	12000	28
46	6000	28
245	18000	28
50	7000	28
192	6000	28
7	3000	28
159	100	28
178	500	28
234	10000	28
139	800	28
41	11000	28
142	19000	28
166	800	28
181	16000	28
102	1000	28
86	700	28
76	18000	28
126	6000	28
180	400	28
87	2000	28
214	900	28
170	1000	28
163	800	28
147	100	28
117	10000	28
151	4000	28
183	11000	28
144	500	28
215	5000	28
202	16000	28
189	17000	28
22	800	28
26	18000	28
205	800	28
157	18000	28
50	15000	28
166	1000	28
191	14000	28
180	14000	28
115	800	28
203	9000	28
213	7000	28
77	700	28
103	20000	28
216	15000	28
159	20000	28
2	800	28
183	1000	28
61	600	28
65	900	28
107	800	28
76	1000	28
59	11000	28
84	5000	28
207	19000	28
249	10000	28
130	300	28
173	11000	28
185	6000	28
118	1000	28
167	900	28
104	16000	28
188	300	28
211	8000	28
13	400	28
200	1000	28
11	800	28
202	200	28
225	900	28
40	15000	28
96	13000	28
24	500	28
106	300	28
60	1000	28
117	900	28
244	14000	28
173	900	28
231	6000	28
112	5000	28
6	19000	28
63	700	28
168	500	28
132	17000	28
201	2000	28
55	800	28
95	7000	28
153	9000	28
18	16000	28
67	1000	28
96	700	28
249	6000	28
198	5000	28
111	600	28
248	900	28
182	14000	28
248	4000	28
43	11000	28
158	4000	28
55	200	28
149	1000	28
106	200	28
20	400	28
22	400	28
36	19000	28
210	2000	28
128	400	28
11	2000	28
45	200	28
89	400	28
210	800	28
201	500	28
225	1000	28
220	1000	28
248	15000	28
189	900	28
187	17000	28
193	200	28
11	200	28
109	5000	28
91	200	28
225	3000	28
74	10000	28
215	600	28
28	14000	28
69	17000	28
220	19000	28
183	9000	28
208	5000	28
67	15000	28
83	7000	28
4	8000	28
159	3000	28
120	9000	28
111	20000	28
5	700	28
135	1000	28
244	12000	28
10	14000	28
85	14000	28
42	1000	28
138	900	28
133	19000	28
203	18000	28
140	900	28
176	16000	28
211	1000	28
99	20000	28
240	18000	28
31	500	28
79	19000	28
237	14000	28
3	5000	28
114	3000	28
149	4000	28
127	500	28
208	17000	28
146	13000	28
225	9000	28
4	600	28
137	14000	28
172	700	28
160	13000	28
190	500	28
226	18000	28
68	18000	28
153	15000	28
197	19000	28
115	7000	28
39	10000	28
203	12000	28
106	18000	28
223	2000	28
206	14000	28
238	500	28
18	4000	28
188	1000	28
58	2000	28
221	200	28
217	9000	28
33	200	28
250	8000	28
63	1000	28
162	13000	28
221	16000	28
242	500	28
199	600	28
127	6000	28
171	800	28
184	17000	28
5	17000	28
85	11000	28
232	19000	28
99	18000	28
29	1000	28
91	11000	28
5	13000	28
130	12000	28
127	4000	28
197	200	28
199	11000	28
218	13000	28
123	2000	28
197	3000	28
66	400	28
16	800	28
211	1000	28
106	7000	28
78	3000	28
222	13000	28
41	14000	28
20	500	28
2	12000	28
122	1000	28
163	7000	28
245	6000	28
141	4000	28
9	19000	28
249	14000	28
114	2000	28
90	7000	28
235	9000	28
76	500	28
88	20000	28
192	700	28
185	12000	28
132	1000	28
112	3000	28
138	7000	28
172	7000	28
24	15000	28
193	1000	28
67	13000	28
76	12000	28
120	900	28
90	11000	28
69	19000	28
219	15000	28
115	3000	28
193	4000	28
23	500	28
245	700	28
119	14000	28
26	700	28
186	10000	28
39	16000	28
50	500	28
185	1000	28
96	400	28
170	500	28
95	200	28
217	600	28
235	5000	28
230	8000	28
14	12000	28
95	13000	28
69	10000	28
12	600	28
6	100	28
77	8000	28
210	4000	28
21	5000	28
210	600	28
227	20000	28
73	1000	28
236	20000	28
178	12000	28
4	7000	28
102	15000	28
224	200	28
243	1000	28
218	900	28
164	11000	28
240	5000	28
245	900	28
214	1000	28
56	3000	28
203	20000	28
23	1000	28
19	13000	28
53	16000	28
183	1000	28
149	15000	28
139	13000	28
180	300	28
194	18000	28
178	10000	28
60	15000	28
153	8000	28
63	6000	28
42	3000	28
192	800	28
119	16000	28
114	5000	28
100	100	28
183	19000	28
234	1000	28
211	200	28
30	600	28
178	18000	28
229	20000	28
10	900	28
111	4000	28
235	15000	28
87	11000	28
155	700	28
145	100	28
189	800	28
31	15000	28
167	200	28
141	900	28
167	11000	28
91	12000	28
143	400	28
119	500	28
54	1000	28
54	16000	28
247	7000	28
140	400	28
115	12000	28
30	200	28
132	6000	28
211	300	28
141	7000	28
50	100	28
222	20000	28
136	800	28
150	13000	28
137	600	28
96	18000	28
124	700	28
143	12000	28
1	18000	28
140	1000	28
242	18000	28
65	600	28
173	18000	28
62	900	28
168	11000	28
245	17000	28
178	9000	28
200	800	28
202	1000	28
94	5000	28
73	9000	28
180	900	28
57	12000	28
115	15000	28
43	13000	28
32	100	28
234	13000	28
201	10000	28
209	100	28
135	16000	28
207	1000	28
76	14000	28
124	400	28
104	17000	28
243	18000	28
170	700	28
202	17000	28
132	200	28
40	4000	28
80	15000	28
168	10000	28
187	300	28
207	1000	28
121	500	28
171	6000	28
44	13000	28
30	16000	28
172	300	28
146	300	28
250	13000	28
36	200	28
221	700	28
168	19000	28
172	17000	28
196	13000	28
91	14000	28
65	5000	28
12	11000	28
138	8000	28
175	200	28
176	17000	28
224	3000	28
152	15000	28
153	3000	28
183	5000	28
147	17000	28
60	10000	28
181	100	28
194	9000	28
136	200	28
114	9000	28
139	1000	28
182	13000	28
173	7000	28
228	15000	28
232	8000	28
58	7000	28
82	7000	28
199	8000	28
57	16000	28
213	600	28
188	600	28
5	400	28
102	20000	28
146	11000	28
198	18000	28
241	300	28
19	900	28
18	700	28
117	20000	28
120	600	28
104	700	28
152	900	28
197	8000	28
34	9000	28
38	400	28
176	200	28
243	1000	28
247	1000	28
248	1000	28
134	14000	28
219	9000	28
169	11000	28
218	18000	28
191	1000	28
216	500	28
139	12000	28
234	800	28
75	14000	28
54	3000	28
215	400	28
52	4000	28
43	7000	28
194	3000	28
201	700	28
168	800	28
1	1000	28
29	5000	28
233	2000	28
9	600	28
122	13000	28
100	17000	28
81	20000	28
4	300	28
202	7000	28
216	10000	28
116	8000	28
236	16000	28
250	800	28
249	16000	28
209	17000	28
40	10000	28
32	18000	28
225	13000	28
135	600	28
131	14000	28
153	20000	28
196	3000	28
103	1000	28
91	17000	28
225	100	28
243	400	28
197	10000	28
140	20000	28
216	2000	28
34	500	28
191	12000	28
104	1000	28
198	400	28
28	100	28
146	17000	28
152	500	28
29	2000	28
111	500	28
81	1000	28
14	7000	28
54	2000	28
214	16000	28
28	1000	28
199	10000	28
93	6000	28
6	7000	28
141	20000	28
27	11000	28
181	7000	28
210	8000	28
237	18000	28
48	13000	28
32	4000	28
109	1000	28
213	3000	28
210	900	28
79	13000	28
134	300	28
86	13000	28
227	400	28
245	300	28
19	300	28
219	12000	28
230	9000	28
43	700	28
120	15000	28
111	12000	28
130	400	28
118	18000	28
49	900	28
138	10000	28
109	8000	28
157	6000	28
80	5000	28
73	12000	28
239	10000	28
71	100	28
28	200	28
35	15000	28
198	16000	28
220	17000	28
134	1000	28
9	200	28
124	13000	28
135	7000	28
22	900	28
205	10000	28
223	4000	28
245	3000	28
169	600	28
72	100	28
201	1000	28
97	200	28
238	200	28
178	200	28
214	15000	28
250	7000	28
29	20000	28
236	500	28
41	7000	28
195	1000	28
244	7000	28
188	200	28
121	700	28
98	13000	28
114	800	28
109	600	28
140	14000	28
149	2000	28
51	17000	28
115	20000	28
103	4000	28
159	700	28
48	11000	28
244	600	28
157	900	28
65	13000	28
125	11000	28
15	12000	28
218	6000	28
138	800	28
32	700	28
27	16000	28
213	500	28
75	7000	28
112	13000	28
47	100	28
80	800	28
240	700	28
128	500	28
27	900	28
208	700	28
39	200	28
247	8000	28
154	800	28
244	1000	28
212	11000	28
71	11000	28
158	6000	28
23	19000	28
2	15000	28
30	100	28
166	6000	28
186	5000	28
41	900	28
62	13000	28
230	300	28
236	900	28
162	12000	28
228	700	28
88	500	28
4	500	28
23	8000	28
74	5000	28
122	100	28
25	7000	28
190	1000	28
75	10000	28
229	100	28
7	4000	28
70	2000	28
210	10000	28
28	17000	28
229	800	28
204	400	28
35	8000	28
132	14000	28
223	14000	28
136	700	28
147	8000	28
87	12000	28
44	19000	28
157	600	28
205	900	28
4	200	28
181	6000	28
53	200	28
247	1000	28
142	100	28
85	2000	28
183	20000	28
72	20000	28
165	2000	28
218	16000	28
72	2000	28
212	19000	28
216	4000	28
16	12000	28
198	14000	28
110	8000	28
217	7000	28
210	14000	28
59	300	28
193	700	28
180	16000	28
56	15000	28
164	6000	28
199	900	28
197	20000	28
66	18000	28
23	300	28
130	3000	28
136	17000	28
72	11000	28
229	2000	28
163	1000	28
100	2000	28
11	13000	28
100	18000	28
93	300	28
223	800	28
237	900	28
151	10000	28
203	15000	28
195	200	28
230	16000	28
239	12000	28
11	500	28
12	400	28
118	600	28
243	200	28
125	6000	28
122	4000	28
80	2000	28
164	10000	28
103	1000	28
27	17000	28
224	8000	28
182	20000	28
63	18000	28
214	5000	28
40	1000	28
126	1000	28
35	2000	28
184	9000	28
55	12000	28
103	300	28
210	300	28
50	300	28
158	12000	28
115	600	28
219	14000	28
10	200	28
42	20000	28
66	15000	28
123	6000	28
107	3000	28
41	15000	28
216	17000	28
174	5000	28
40	300	28
164	300	28
106	600	28
129	6000	28
124	800	28
93	800	28
10	16000	28
99	5000	28
215	700	28
175	3000	28
137	20000	28
87	200	28
145	600	28
183	300	28
226	10000	28
179	13000	28
186	700	28
192	1000	28
52	900	28
138	100	28
101	8000	28
124	100	28
189	700	28
218	7000	28
76	4000	28
45	300	28
25	18000	28
168	13000	28
247	5000	28
202	900	28
47	14000	28
102	13000	28
181	17000	28
195	4000	28
203	200	28
78	20000	28
105	300	28
235	2000	28
70	8000	28
56	500	28
58	900	28
246	5000	28
152	800	28
228	300	28
15	19000	28
14	5000	28
108	700	28
180	600	28
161	2000	28
55	700	28
69	400	28
244	2000	28
126	17000	28
182	7000	28
209	800	28
115	4000	28
129	9000	28
33	4000	28
6	600	28
161	7000	28
148	100	28
159	8000	28
64	12000	28
124	14000	28
28	20000	28
112	1000	28
191	13000	28
172	9000	28
85	5000	28
182	15000	28
83	10000	28
237	100	28
25	3000	28
225	700	28
3	6000	28
206	600	28
230	6000	28
49	2000	28
153	10000	28
135	13000	28
230	14000	28
72	12000	28
86	6000	28
33	500	28
102	14000	28
77	3000	28
84	2000	28
8	10000	28
169	14000	28
131	2000	28
148	17000	28
190	2000	28
204	20000	28
189	1000	28
116	600	28
175	13000	28
84	900	28
66	3000	28
102	500	28
202	6000	28
176	9000	28
183	17000	28
55	3000	28
197	300	28
131	500	28
48	3000	28
171	100	28
56	600	28
186	3000	28
186	16000	28
15	10000	28
234	900	28
45	16000	28
91	300	28
108	7000	28
6	20000	28
150	500	28
136	500	28
246	10000	28
239	13000	28
22	3000	28
108	11000	28
200	500	28
199	1000	28
238	10000	28
158	800	28
222	3000	28
24	9000	28
229	13000	28
64	20000	28
97	100	28
162	20000	28
27	1000	28
143	200	28
155	15000	28
156	8000	28
170	5000	28
141	200	28
33	600	28
66	200	28
39	9000	28
117	1000	28
144	16000	28
158	700	28
54	12000	28
46	20000	28
245	15000	28
116	20000	28
152	12000	28
157	100	28
170	13000	28
68	4000	28
205	500	28
169	900	28
161	8000	28
82	500	28
13	6000	28
118	3000	28
155	17000	28
15	14000	28
250	600	28
23	900	28
150	400	28
152	200	28
23	100	28
177	5000	28
17	17000	28
123	13000	28
133	700	28
65	11000	28
154	15000	28
245	19000	28
205	14000	28
57	2000	28
93	16000	28
53	7000	28
221	500	28
200	1000	28
227	800	28
44	8000	28
78	1000	28
111	8000	28
215	800	28
125	20000	28
160	1000	28
31	18000	28
106	500	28
84	11000	28
49	1000	28
29	1000	28
159	900	28
222	1000	28
105	9000	28
57	200	28
197	5000	28
55	14000	28
167	1000	28
5	14000	28
18	11000	28
19	5000	28
37	5000	28
114	4000	28
244	9000	28
214	19000	28
245	12000	28
187	16000	28
44	300	28
45	14000	28
233	3000	28
184	100	28
199	5000	28
39	11000	28
55	13000	28
66	4000	28
65	10000	28
55	20000	28
220	3000	28
113	700	28
191	4000	28
28	9000	28
57	14000	28
113	20000	28
68	8000	28
89	19000	28
185	100	28
178	15000	28
225	16000	28
97	500	28
71	7000	28
136	19000	28
160	300	28
10	18000	28
231	1000	28
88	5000	28
222	5000	28
87	300	28
119	300	28
171	4000	28
137	3000	28
111	13000	28
185	2000	28
229	1000	28
132	500	28
191	600	28
204	18000	28
124	5000	28
200	20000	28
157	300	28
96	9000	28
29	16000	28
161	100	28
244	4000	28
128	900	28
147	2000	28
146	15000	28
49	100	28
211	16000	28
192	15000	28
216	12000	28
227	9000	28
111	19000	28
142	12000	28
89	100	28
137	17000	28
128	16000	28
57	8000	28
125	12000	28
104	20000	28
15	8000	28
7	10000	28
32	1000	28
175	300	28
179	19000	28
80	900	28
59	3000	28
184	2000	28
238	17000	28
235	1000	28
201	4000	28
60	6000	28
26	16000	28
125	10000	28
215	13000	28
110	400	28
118	4000	28
97	600	28
206	1000	28
62	15000	28
97	3000	28
123	600	28
205	19000	28
250	18000	28
139	600	28
205	1000	28
221	12000	28
97	11000	28
171	1000	28
169	5000	28
136	1000	28
122	2000	28
186	19000	28
224	800	28
236	10000	28
116	4000	28
200	6000	28
25	200	28
178	8000	28
109	12000	28
89	1000	28
32	19000	28
133	100	28
142	200	28
208	3000	28
239	1000	28
18	8000	28
249	17000	28
78	7000	28
37	7000	28
76	5000	28
145	700	28
185	9000	28
21	17000	28
167	16000	28
148	900	28
150	900	28
179	16000	28
91	100	28
24	800	28
144	8000	28
97	14000	28
86	19000	28
69	20000	28
215	900	28
12	700	28
248	3000	28
8	15000	28
69	800	28
57	800	28
153	16000	28
63	17000	28
94	10000	28
115	19000	28
103	17000	28
33	10000	28
238	20000	28
225	800	28
47	600	28
137	12000	28
46	7000	28
160	600	28
235	600	28
90	100	28
114	700	28
74	20000	28
163	1000	28
35	1000	28
22	2000	28
8	1000	28
167	7000	28
224	18000	28
180	11000	28
213	2000	28
42	9000	28
222	500	28
231	16000	28
102	4000	28
204	10000	28
139	15000	28
159	1000	28
110	100	28
188	400	28
73	100	28
219	20000	28
94	200	28
36	2000	28
165	900	28
241	19000	28
160	16000	28
56	800	28
5	19000	28
13	200	28
76	13000	28
195	400	28
202	3000	28
166	600	28
222	4000	28
150	8000	28
224	10000	28
234	20000	28
59	900	28
245	10000	28
154	1000	28
233	6000	28
87	3000	28
26	200	28
149	400	28
130	500	28
27	2000	28
16	15000	28
19	15000	28
72	15000	28
78	15000	28
98	12000	28
238	6000	28
177	1000	28
121	18000	28
209	11000	28
6	10000	28
72	700	28
227	15000	28
200	18000	28
62	14000	28
104	900	28
70	3000	28
162	500	28
171	2000	28
144	18000	28
90	6000	28
171	10000	28
80	4000	28
138	18000	28
162	9000	28
171	500	28
136	14000	28
38	16000	28
182	100	28
216	300	28
154	20000	28
15	5000	28
80	10000	28
233	900	28
202	5000	28
90	16000	28
148	12000	28
176	300	28
153	7000	28
220	4000	28
99	10000	28
244	400	28
144	3000	28
148	8000	28
10	5000	28
67	9000	28
132	13000	28
15	800	28
218	8000	28
151	2000	28
110	2000	28
116	13000	28
50	11000	28
199	3000	28
164	15000	28
106	9000	28
104	15000	28
40	6000	28
200	200	28
163	15000	28
226	7000	28
94	16000	28
190	10000	28
181	9000	28
64	4000	28
66	2000	28
250	9000	28
39	4000	28
199	9000	28
138	200	28
109	14000	28
223	500	28
238	3000	28
218	400	28
56	400	28
241	100	28
103	200	28
130	15000	28
199	18000	28
246	2000	28
4	11000	28
241	14000	28
79	18000	28
102	10000	28
132	10000	28
106	10000	28
59	17000	28
73	1000	28
42	12000	28
39	2000	28
201	900	28
50	1000	28
185	800	28
232	3000	28
20	5000	28
106	100	28
235	10000	28
152	20000	28
54	10000	28
174	400	28
178	20000	28
182	17000	28
239	300	28
230	18000	28
41	100	28
53	18000	28
175	600	28
185	3000	28
83	18000	28
177	14000	28
54	300	28
153	200	28
108	2000	28
108	16000	28
144	6000	28
63	3000	28
154	100	28
130	14000	28
142	6000	28
225	6000	28
37	800	28
199	17000	28
63	900	28
150	20000	28
247	13000	28
156	500	28
135	700	28
39	400	28
232	1000	28
82	1000	28
137	10000	28
104	5000	28
198	700	28
177	18000	28
168	7000	28
1	9000	28
237	6000	28
204	200	28
15	400	28
238	900	28
81	18000	28
10	19000	28
196	6000	28
86	100	28
172	12000	28
109	1000	28
227	17000	28
199	100	28
146	700	28
167	700	28
99	500	28
62	19000	28
174	17000	28
82	600	28
231	11000	28
114	500	28
76	1000	28
92	20000	28
211	20000	28
102	400	28
104	400	28
142	14000	28
194	900	28
107	17000	28
124	900	28
30	15000	28
141	13000	28
141	3000	28
7	100	28
209	9000	28
38	19000	28
234	500	28
176	500	28
114	19000	28
13	10000	28
47	3000	28
36	6000	28
191	6000	28
232	12000	28
210	6000	28
58	6000	28
156	9000	28
57	400	28
126	500	28
218	200	28
89	16000	28
52	20000	28
183	14000	28
241	4000	28
32	13000	28
16	300	28
151	18000	28
162	7000	28
249	20000	28
49	14000	28
62	800	28
32	2000	28
81	800	28
39	17000	28
104	300	28
8	18000	28
3	500	28
84	18000	28
60	2000	28
44	500	28
129	17000	28
18	15000	28
9	8000	28
90	1000	28
148	300	28
241	200	28
66	14000	28
185	1000	28
147	10000	28
250	3000	28
122	3000	28
131	1000	28
143	900	28
165	14000	28
89	12000	28
239	14000	28
152	16000	28
147	14000	28
138	1000	28
83	19000	28
106	19000	28
34	10000	28
26	9000	28
37	600	28
197	4000	28
213	800	28
4	6000	28
126	16000	28
214	400	28
48	100	28
239	8000	28
159	12000	28
196	19000	28
40	5000	28
116	100	28
108	8000	28
133	900	28
205	11000	28
173	13000	28
93	15000	28
197	2000	28
135	19000	28
39	1000	28
3	13000	28
104	500	28
221	11000	28
53	100	28
79	10000	28
85	6000	28
5	100	28
72	200	28
94	4000	28
202	13000	28
79	100	28
194	15000	28
163	400	28
188	12000	28
167	8000	28
34	300	28
176	15000	28
19	2000	28
151	1000	28
21	3000	28
242	400	28
70	18000	28
14	900	28
116	1000	28
217	19000	28
130	16000	28
163	17000	28
153	100	28
129	300	28
159	13000	28
141	11000	28
56	9000	28
108	10000	28
204	300	28
210	100	28
175	16000	28
246	20000	28
15	3000	28
40	200	28
61	17000	28
189	300	28
55	500	28
50	9000	28
37	15000	28
87	15000	28
133	6000	28
222	17000	28
16	3000	28
52	300	28
198	200	28
223	6000	28
52	3000	28
165	800	28
162	600	28
102	18000	28
236	1000	28
70	15000	28
49	15000	28
122	18000	28
52	19000	28
232	9000	28
134	500	28
160	5000	28
187	500	28
142	10000	28
112	700	28
117	19000	28
232	200	28
210	500	28
122	14000	28
99	13000	28
135	15000	28
85	700	28
34	4000	28
156	1000	28
234	100	28
77	6000	28
38	10000	28
182	8000	28
40	9000	28
213	900	28
145	18000	28
102	800	28
123	17000	28
164	700	28
84	1000	28
166	100	28
63	11000	28
196	18000	28
20	8000	28
104	4000	28
220	100	28
93	200	28
183	700	28
12	2000	28
85	4000	28
20	7000	28
55	7000	28
250	10000	28
192	16000	28
164	18000	28
81	9000	28
121	1000	28
118	2000	28
96	14000	28
34	100	28
181	300	28
43	200	28
4	20000	28
167	12000	28
27	7000	28
128	4000	28
185	13000	28
6	9000	28
135	400	28
244	500	28
144	600	28
209	8000	28
21	2000	28
185	5000	28
89	800	28
73	16000	28
249	100	28
31	5000	28
106	6000	28
241	600	28
127	1000	28
116	800	28
214	14000	28
195	16000	28
131	18000	28
24	20000	28
20	100	28
21	13000	28
36	7000	28
67	400	28
195	6000	28
195	1000	28
188	900	28
2	14000	28
156	15000	28
247	18000	28
18	500	28
167	18000	28
183	16000	28
161	300	28
14	16000	28
233	17000	28
72	5000	28
112	12000	28
78	600	28
178	3000	28
22	1000	28
24	6000	28
12	13000	28
164	13000	28
34	8000	28
126	2000	28
87	7000	28
213	13000	28
197	100	28
180	500	28
187	2000	28
177	19000	28
197	6000	28
168	9000	28
208	4000	28
98	4000	28
171	5000	28
198	8000	28
225	1000	28
95	12000	28
245	8000	28
44	18000	28
15	13000	28
8	11000	28
77	18000	28
145	800	28
89	13000	28
103	600	28
75	200	28
169	9000	28
145	2000	28
62	6000	28
52	10000	28
181	200	28
13	900	28
177	10000	28
118	9000	28
157	15000	28
241	8000	28
114	600	28
37	1000	28
23	400	28
188	13000	28
174	20000	28
131	17000	28
219	19000	28
80	600	28
149	13000	28
206	900	28
99	600	28
9	3000	28
198	300	28
78	5000	28
217	900	28
87	4000	28
177	700	28
164	800	28
236	5000	28
188	5000	28
227	19000	28
45	10000	28
49	700	28
223	20000	28
237	15000	28
200	900	28
49	200	28
231	13000	28
50	800	28
74	18000	28
111	18000	28
53	900	28
101	10000	28
25	500	28
32	10000	28
108	600	28
229	3000	28
43	10000	28
210	13000	28
122	300	28
94	19000	28
246	13000	28
207	500	28
143	100	28
221	6000	28
72	900	28
152	700	28
113	17000	28
60	20000	28
19	17000	28
77	1000	28
44	7000	28
2	200	28
94	13000	28
120	8000	28
20	20000	28
181	14000	28
185	14000	28
39	500	28
161	20000	28
146	19000	28
161	600	28
73	300	28
156	1000	28
6	700	28
217	15000	28
208	400	28
78	10000	28
124	11000	28
193	14000	28
202	12000	28
12	14000	28
128	3000	28
149	17000	28
27	9000	28
245	400	28
222	2000	28
246	8000	28
230	10000	28
224	1000	28
59	7000	28
148	400	28
12	5000	28
61	2000	28
8	9000	28
213	16000	28
27	200	28
22	14000	28
236	19000	28
30	19000	28
221	4000	28
139	14000	28
125	7000	28
116	9000	28
136	900	28
94	800	28
124	20000	28
67	900	28
124	1000	28
162	300	28
97	15000	28
236	11000	28
4	2000	28
161	18000	28
104	10000	28
117	17000	28
106	15000	28
246	1000	28
11	7000	28
135	10000	28
91	2000	28
61	1000	28
72	3000	28
26	14000	28
77	200	28
219	700	28
42	18000	28
190	1000	28
231	14000	28
80	500	28
184	18000	28
152	100	28
4	12000	28
91	10000	28
211	18000	28
144	11000	28
218	17000	28
98	11000	28
44	15000	28
97	5000	28
17	19000	28
13	2000	28
140	9000	28
32	8000	28
181	20000	28
42	8000	28
169	100	28
89	9000	28
160	500	28
230	4000	28
120	17000	28
5	20000	28
184	16000	28
232	500	28
138	2000	28
27	6000	28
68	500	28
67	800	28
56	18000	28
224	1000	28
163	19000	28
46	19000	28
189	14000	28
94	15000	28
77	100	28
40	600	28
34	17000	28
130	8000	28
3	800	28
77	9000	28
193	20000	28
30	2000	28
38	14000	28
142	4000	28
69	600	28
181	10000	28
125	9000	28
193	8000	28
78	900	28
185	500	28
135	11000	28
16	20000	28
215	15000	28
15	16000	28
145	13000	28
73	8000	28
181	13000	28
170	400	28
211	10000	28
127	600	28
237	20000	28
68	19000	28
187	18000	28
209	12000	28
58	10000	28
143	17000	28
151	200	28
45	11000	28
135	18000	28
27	19000	28
112	4000	28
54	6000	28
95	10000	28
19	19000	28
162	200	28
18	17000	28
114	18000	28
85	300	28
186	12000	28
149	8000	28
129	3000	28
81	6000	28
223	10000	28
171	1000	28
158	300	28
158	8000	28
112	20000	28
190	100	28
112	11000	28
171	12000	28
122	16000	28
154	300	28
217	17000	28
91	4000	28
36	100	28
52	7000	28
248	300	28
34	800	28
225	8000	28
73	15000	28
117	500	28
8	800	28
191	11000	28
206	15000	28
101	1000	28
134	4000	28
168	3000	28
215	12000	28
124	4000	28
221	20000	28
82	14000	28
138	9000	28
124	6000	28
34	20000	28
2	3000	28
199	7000	28
17	11000	28
218	14000	28
124	3000	28
124	1000	28
24	1000	28
125	16000	28
140	2000	28
89	300	28
223	300	28
37	6000	28
54	200	28
33	300	28
19	100	28
23	200	28
53	300	28
12	9000	28
154	7000	28
151	300	28
101	5000	28
174	14000	28
131	700	28
76	2000	28
49	500	28
79	14000	28
83	3000	28
217	4000	28
58	500	28
45	2000	28
103	2000	28
116	700	28
41	3000	28
144	19000	28
194	500	28
60	400	28
247	600	28
165	10000	28
125	13000	28
120	700	28
50	400	28
222	12000	28
75	18000	28
159	9000	28
152	9000	28
174	12000	28
37	200	28
120	1000	28
127	200	28
190	9000	28
243	13000	28
220	700	28
194	100	28
80	8000	28
63	800	28
164	12000	28
107	15000	28
33	9000	28
82	18000	28
112	10000	28
196	1000	28
110	900	28
206	7000	28
5	300	28
106	13000	28
2	700	28
62	10000	28
151	700	28
194	700	28
87	17000	28
132	100	28
232	16000	28
62	100	28
189	20000	28
90	400	28
115	400	28
6	13000	28
48	19000	28
166	5000	28
227	300	28
246	6000	28
25	9000	28
165	16000	28
186	1000	28
220	6000	28
208	600	28
25	800	28
83	1000	28
26	300	28
34	600	28
156	600	28
78	300	28
206	17000	28
31	800	28
154	200	28
144	400	28
179	20000	28
197	500	28
247	900	28
155	100	28
201	17000	28
106	20000	28
5	1000	28
239	400	28
86	4000	28
148	10000	28
249	900	28
190	12000	28
20	10000	28
46	15000	28
246	400	28
226	9000	28
237	2000	28
145	9000	28
173	500	28
146	3000	28
38	4000	28
99	4000	28
242	2000	28
116	18000	28
217	100	28
179	1000	28
96	20000	28
194	10000	28
179	10000	28
183	400	28
107	20000	28
201	15000	28
119	19000	28
184	300	28
205	2000	28
53	400	28
119	1000	28
36	16000	28
83	800	28
5	500	28
98	14000	28
136	13000	28
122	800	28
118	900	28
172	19000	28
161	10000	28
50	1000	28
213	700	28
81	16000	28
47	13000	28
233	100	28
60	7000	28
99	700	28
194	7000	28
103	400	28
150	4000	28
127	900	28
163	10000	28
83	300	28
75	600	28
2	13000	28
246	12000	28
29	12000	28
178	300	28
35	18000	28
112	7000	28
97	7000	28
164	19000	28
94	18000	28
111	1000	28
31	200	28
53	500	28
34	200	28
179	400	28
187	700	28
202	1000	28
248	5000	28
250	1000	28
35	19000	28
2	300	28
246	4000	28
121	2000	28
97	4000	28
23	4000	28
2	5000	28
109	700	28
86	1000	28
83	15000	28
177	500	28
109	800	28
249	600	28
136	2000	28
200	2000	28
214	200	28
100	900	28
247	16000	28
139	9000	28
17	10000	28
56	100	28
229	900	28
72	800	28
98	15000	28
68	11000	28
119	4000	28
33	700	28
42	4000	28
125	14000	28
151	17000	28
209	20000	28
26	3000	28
129	15000	28
34	15000	28
47	4000	28
36	17000	28
109	900	28
230	600	28
219	1000	28
105	1000	28
198	800	28
2	100	28
78	800	28
183	6000	28
107	6000	28
161	500	28
248	20000	28
24	3000	28
129	800	28
175	20000	28
111	11000	28
42	14000	28
149	5000	28
152	3000	28
198	500	28
247	800	28
230	100	28
164	400	28
72	9000	28
14	700	28
235	100	28
5	15000	28
93	11000	28
80	6000	28
214	12000	28
122	9000	28
14	6000	28
207	3000	28
70	300	28
184	6000	28
32	400	28
239	2000	28
247	9000	28
8	4000	28
50	8000	28
57	1000	28
84	8000	28
71	15000	28
135	17000	28
144	1000	28
160	400	28
127	20000	28
195	7000	28
27	300	28
185	900	28
64	700	28
193	16000	28
242	800	28
90	900	28
200	9000	28
102	7000	28
250	17000	28
24	17000	28
39	18000	28
47	800	28
57	100	28
113	600	28
85	200	28
37	12000	28
71	6000	28
121	7000	28
223	11000	28
73	6000	28
95	500	28
227	10000	28
105	700	28
70	600	28
221	7000	28
22	16000	28
168	900	28
14	15000	28
74	16000	28
1	20000	28
155	1000	28
210	3000	28
227	6000	28
243	7000	28
140	6000	28
28	1000	28
116	1000	28
226	16000	28
167	800	28
127	400	28
175	6000	28
125	8000	28
173	1000	28
239	700	28
51	400	28
106	3000	28
229	15000	28
222	8000	28
242	17000	28
131	1000	28
35	100	28
166	14000	28
101	800	28
218	5000	28
178	4000	28
215	1000	28
17	8000	28
25	17000	28
30	700	28
185	400	28
175	400	28
249	4000	28
19	1000	28
183	7000	28
128	6000	28
69	6000	28
225	4000	28
51	500	28
213	17000	28
235	200	28
188	6000	28
86	900	28
119	17000	28
1	12000	28
46	12000	28
245	100	28
106	1000	28
242	10000	28
72	13000	28
212	2000	28
79	15000	28
108	300	28
76	200	28
69	15000	28
177	12000	28
177	13000	28
3	700	28
111	7000	28
61	11000	28
131	16000	28
55	5000	28
211	15000	28
114	13000	28
243	14000	28
39	6000	28
157	11000	28
83	8000	28
132	1000	28
44	12000	28
55	300	28
13	12000	28
171	20000	28
96	15000	28
204	13000	28
46	600	28
120	800	28
161	14000	28
82	4000	28
10	400	28
216	600	28
222	10000	28
94	900	28
41	17000	28
186	2000	28
30	3000	28
92	100	28
63	5000	28
240	15000	28
177	16000	28
72	400	28
9	800	28
72	600	28
240	3000	28
117	3000	28
59	5000	28
46	1000	28
118	5000	28
71	12000	28
177	6000	28
224	6000	28
191	18000	28
74	1000	28
162	100	28
182	3000	28
38	900	28
205	600	28
60	5000	28
123	300	28
228	200	28
118	20000	28
202	300	28
128	19000	28
44	800	28
43	20000	28
84	14000	28
134	2000	28
26	900	28
47	900	28
153	300	28
230	7000	28
162	19000	28
37	300	28
34	400	28
228	16000	28
174	700	28
178	17000	28
147	18000	28
74	3000	28
222	11000	28
250	5000	28
121	900	28
214	1000	28
189	400	28
190	300	28
30	8000	28
178	7000	28
112	100	28
184	14000	28
243	17000	28
41	9000	28
65	19000	28
126	5000	28
84	16000	28
14	11000	28
19	14000	28
22	4000	28
133	17000	28
193	900	28
185	16000	28
122	500	28
110	19000	28
179	800	28
201	8000	28
89	15000	28
11	400	28
181	2000	28
65	7000	28
37	700	28
108	1000	28
204	15000	28
91	13000	28
247	300	28
249	13000	28
20	200	28
189	13000	28
109	3000	28
240	7000	28
125	500	28
85	18000	28
18	9000	28
219	4000	28
221	5000	28
178	800	28
178	14000	28
244	6000	28
219	3000	28
156	700	28
37	4000	28
91	5000	28
28	4000	28
121	10000	28
87	900	28
224	16000	28
95	4000	28
3	600	28
181	800	28
174	18000	28
85	100	28
188	15000	28
93	400	28
181	19000	28
192	600	28
38	3000	28
32	11000	28
61	500	28
129	13000	28
14	600	28
39	14000	28
170	600	28
20	1000	28
156	16000	28
220	9000	28
58	11000	28
93	100	28
108	4000	28
98	3000	28
74	11000	28
176	6000	28
194	17000	28
75	11000	28
41	19000	28
130	9000	28
68	16000	28
149	6000	28
140	19000	28
171	8000	28
18	1000	28
170	19000	28
133	9000	28
132	3000	28
42	7000	28
3	8000	28
68	13000	28
218	10000	28
133	10000	28
69	200	28
54	900	28
214	3000	28
124	2000	28
220	400	28
164	900	28
240	16000	28
90	800	28
162	1000	28
103	18000	28
248	700	28
180	2000	28
144	700	28
46	200	28
227	1000	28
87	16000	28
39	300	28
152	8000	28
218	9000	28
42	17000	28
104	13000	28
43	600	28
1	900	28
211	2000	28
76	8000	28
156	20000	28
232	10000	28
123	16000	28
36	18000	28
250	15000	28
47	1000	28
237	17000	28
167	9000	28
216	16000	28
208	10000	28
166	4000	28
52	9000	28
211	17000	28
67	17000	28
