slurmID,nMax,nMin,Rep,nSamp,Gen,rowID
1,100,100,50,50,50,1
2,250,100,50,50,50,1
3,500,100,50,50,50,1
4,750,100,50,50,50,1
5,1000,100,50,50,50,1
6,2000,100,50,50,50,1
7,3000,100,50,50,50,1
8,4000,100,50,50,50,1
9,5000,100,50,50,50,1
10,6000,100,50,50,50,1
11,7000,100,50,50,50,1
12,8000,100,50,50,50,1
13,9000,100,50,50,50,1
14,10000,100,50,50,50,1
15,11000,100,50,50,50,1
16,12000,100,50,50,50,1
17,13000,100,50,50,50,1
18,14000,100,50,50,50,1
19,15000,100,50,50,50,1
20,16000,100,50,50,50,1
21,17000,100,50,50,50,1
22,18000,100,50,50,50,1
23,19000,100,50,50,50,1
24,20000,100,50,50,50,1
25,21000,100,50,50,50,1
26,22000,100,50,50,50,1
27,23000,100,50,50,50,1
28,24000,100,50,50,50,1
29,25000,100,50,50,50,1
30,26000,100,50,50,50,1
31,27000,100,50,50,50,1
32,28000,100,50,50,50,1
33,29000,100,50,50,50,1
34,30000,100,50,50,50,1
35,31000,100,50,50,50,1
36,32000,100,50,50,50,1
37,33000,100,50,50,50,1
38,34000,100,50,50,50,1
39,35000,100,50,50,50,1
40,36000,100,50,50,50,1
41,37000,100,50,50,50,1
42,38000,100,50,50,50,1
43,39000,100,50,50,50,1
44,40000,100,50,50,50,1
45,41000,100,50,50,50,1
46,42000,100,50,50,50,1
47,43000,100,50,50,50,1
48,44000,100,50,50,50,1
49,45000,100,50,50,50,1
50,46000,100,50,50,50,1
51,47000,100,50,50,50,1
52,48000,100,50,50,50,1
53,49000,100,50,50,50,1
54,50000,100,50,50,50,1
55,250,250,50,50,50,1
56,500,250,50,50,50,1
57,750,250,50,50,50,1
58,1000,250,50,50,50,1
59,2000,250,50,50,50,1
60,3000,250,50,50,50,1
61,4000,250,50,50,50,1
62,5000,250,50,50,50,1
63,6000,250,50,50,50,1
64,7000,250,50,50,50,1
65,8000,250,50,50,50,1
66,9000,250,50,50,50,1
67,10000,250,50,50,50,1
68,11000,250,50,50,50,1
69,12000,250,50,50,50,1
70,13000,250,50,50,50,1
71,14000,250,50,50,50,1
72,15000,250,50,50,50,1
73,16000,250,50,50,50,1
74,17000,250,50,50,50,1
75,18000,250,50,50,50,1
76,19000,250,50,50,50,1
77,20000,250,50,50,50,1
78,21000,250,50,50,50,1
79,22000,250,50,50,50,1
80,23000,250,50,50,50,1
81,24000,250,50,50,50,1
82,25000,250,50,50,50,1
83,26000,250,50,50,50,1
84,27000,250,50,50,50,1
85,28000,250,50,50,50,1
86,29000,250,50,50,50,1
87,30000,250,50,50,50,1
88,31000,250,50,50,50,1
89,32000,250,50,50,50,1
90,33000,250,50,50,50,1
91,34000,250,50,50,50,1
92,35000,250,50,50,50,1
93,36000,250,50,50,50,1
94,37000,250,50,50,50,1
95,38000,250,50,50,50,1
96,39000,250,50,50,50,1
97,40000,250,50,50,50,1
98,41000,250,50,50,50,1
99,42000,250,50,50,50,1
100,43000,250,50,50,50,1
101,44000,250,50,50,50,1
102,45000,250,50,50,50,1
103,46000,250,50,50,50,1
104,47000,250,50,50,50,1
105,48000,250,50,50,50,1
106,49000,250,50,50,50,1
107,50000,250,50,50,50,1
108,500,500,50,50,50,1
109,750,500,50,50,50,1
110,1000,500,50,50,50,1
111,2000,500,50,50,50,1
112,3000,500,50,50,50,1
113,4000,500,50,50,50,1
114,5000,500,50,50,50,1
115,6000,500,50,50,50,1
116,7000,500,50,50,50,1
117,8000,500,50,50,50,1
118,9000,500,50,50,50,1
119,10000,500,50,50,50,1
120,11000,500,50,50,50,1
121,12000,500,50,50,50,1
122,13000,500,50,50,50,1
123,14000,500,50,50,50,1
124,15000,500,50,50,50,1
125,16000,500,50,50,50,1
126,17000,500,50,50,50,1
127,18000,500,50,50,50,1
128,19000,500,50,50,50,1
129,20000,500,50,50,50,1
130,21000,500,50,50,50,1
131,22000,500,50,50,50,1
132,23000,500,50,50,50,1
133,24000,500,50,50,50,1
134,25000,500,50,50,50,1
135,26000,500,50,50,50,1
136,27000,500,50,50,50,1
137,28000,500,50,50,50,1
138,29000,500,50,50,50,1
139,30000,500,50,50,50,1
140,31000,500,50,50,50,1
141,32000,500,50,50,50,1
142,33000,500,50,50,50,1
143,34000,500,50,50,50,1
144,35000,500,50,50,50,1
145,36000,500,50,50,50,1
146,37000,500,50,50,50,1
147,38000,500,50,50,50,1
148,39000,500,50,50,50,1
149,40000,500,50,50,50,1
150,41000,500,50,50,50,1
151,42000,500,50,50,50,1
152,43000,500,50,50,50,1
153,44000,500,50,50,50,1
154,45000,500,50,50,50,1
155,46000,500,50,50,50,1
156,47000,500,50,50,50,1
157,48000,500,50,50,50,1
158,49000,500,50,50,50,1
159,50000,500,50,50,50,1
160,750,750,50,50,50,1
161,1000,750,50,50,50,1
162,2000,750,50,50,50,1
163,3000,750,50,50,50,1
164,4000,750,50,50,50,1
165,5000,750,50,50,50,1
166,6000,750,50,50,50,1
167,7000,750,50,50,50,1
168,8000,750,50,50,50,1
169,9000,750,50,50,50,1
170,10000,750,50,50,50,1
171,11000,750,50,50,50,1
172,12000,750,50,50,50,1
173,13000,750,50,50,50,1
174,14000,750,50,50,50,1
175,15000,750,50,50,50,1
176,16000,750,50,50,50,1
177,17000,750,50,50,50,1
178,18000,750,50,50,50,1
179,19000,750,50,50,50,1
180,20000,750,50,50,50,1
181,21000,750,50,50,50,1
182,22000,750,50,50,50,1
183,23000,750,50,50,50,1
184,24000,750,50,50,50,1
185,25000,750,50,50,50,1
186,26000,750,50,50,50,1
187,27000,750,50,50,50,1
188,28000,750,50,50,50,1
189,29000,750,50,50,50,1
190,30000,750,50,50,50,1
191,31000,750,50,50,50,1
192,32000,750,50,50,50,1
193,33000,750,50,50,50,1
194,34000,750,50,50,50,1
195,35000,750,50,50,50,1
196,36000,750,50,50,50,1
197,37000,750,50,50,50,1
198,38000,750,50,50,50,1
199,39000,750,50,50,50,1
200,40000,750,50,50,50,1
201,41000,750,50,50,50,1
202,42000,750,50,50,50,1
203,43000,750,50,50,50,1
204,44000,750,50,50,50,1
205,45000,750,50,50,50,1
206,46000,750,50,50,50,1
207,47000,750,50,50,50,1
208,48000,750,50,50,50,1
209,49000,750,50,50,50,1
210,50000,750,50,50,50,1
211,1000,1000,50,50,50,1
212,2000,1000,50,50,50,1
213,3000,1000,50,50,50,1
214,4000,1000,50,50,50,1
215,5000,1000,50,50,50,1
216,6000,1000,50,50,50,1
217,7000,1000,50,50,50,1
218,8000,1000,50,50,50,1
219,9000,1000,50,50,50,1
220,10000,1000,50,50,50,1
221,11000,1000,50,50,50,1
222,12000,1000,50,50,50,1
223,13000,1000,50,50,50,1
224,14000,1000,50,50,50,1
225,15000,1000,50,50,50,1
226,16000,1000,50,50,50,1
227,17000,1000,50,50,50,1
228,18000,1000,50,50,50,1
229,19000,1000,50,50,50,1
230,20000,1000,50,50,50,1
231,21000,1000,50,50,50,1
232,22000,1000,50,50,50,1
233,23000,1000,50,50,50,1
234,24000,1000,50,50,50,1
235,25000,1000,50,50,50,1
236,26000,1000,50,50,50,1
237,27000,1000,50,50,50,1
238,28000,1000,50,50,50,1
239,29000,1000,50,50,50,1
240,30000,1000,50,50,50,1
241,31000,1000,50,50,50,1
242,32000,1000,50,50,50,1
243,33000,1000,50,50,50,1
244,34000,1000,50,50,50,1
245,35000,1000,50,50,50,1
246,36000,1000,50,50,50,1
247,37000,1000,50,50,50,1
248,38000,1000,50,50,50,1
249,39000,1000,50,50,50,1
250,40000,1000,50,50,50,1
251,41000,1000,50,50,50,1
252,42000,1000,50,50,50,1
253,43000,1000,50,50,50,1
254,44000,1000,50,50,50,1
255,45000,1000,50,50,50,1
256,46000,1000,50,50,50,1
257,47000,1000,50,50,50,1
258,48000,1000,50,50,50,1
259,49000,1000,50,50,50,1
260,50000,1000,50,50,50,1
261,2000,2000,50,50,50,1
262,3000,2000,50,50,50,1
263,4000,2000,50,50,50,1
264,5000,2000,50,50,50,1
265,6000,2000,50,50,50,1
266,7000,2000,50,50,50,1
267,8000,2000,50,50,50,1
268,9000,2000,50,50,50,1
269,10000,2000,50,50,50,1
270,11000,2000,50,50,50,1
271,12000,2000,50,50,50,1
272,13000,2000,50,50,50,1
273,14000,2000,50,50,50,1
274,15000,2000,50,50,50,1
275,16000,2000,50,50,50,1
276,17000,2000,50,50,50,1
277,18000,2000,50,50,50,1
278,19000,2000,50,50,50,1
279,20000,2000,50,50,50,1
280,21000,2000,50,50,50,1
281,22000,2000,50,50,50,1
282,23000,2000,50,50,50,1
283,24000,2000,50,50,50,1
284,25000,2000,50,50,50,1
285,26000,2000,50,50,50,1
286,27000,2000,50,50,50,1
287,28000,2000,50,50,50,1
288,29000,2000,50,50,50,1
289,30000,2000,50,50,50,1
290,31000,2000,50,50,50,1
291,32000,2000,50,50,50,1
292,33000,2000,50,50,50,1
293,34000,2000,50,50,50,1
294,35000,2000,50,50,50,1
295,36000,2000,50,50,50,1
296,37000,2000,50,50,50,1
297,38000,2000,50,50,50,1
298,39000,2000,50,50,50,1
299,40000,2000,50,50,50,1
300,41000,2000,50,50,50,1
301,42000,2000,50,50,50,1
302,43000,2000,50,50,50,1
303,44000,2000,50,50,50,1
304,45000,2000,50,50,50,1
305,46000,2000,50,50,50,1
306,47000,2000,50,50,50,1
307,48000,2000,50,50,50,1
308,49000,2000,50,50,50,1
309,50000,2000,50,50,50,1
310,3000,3000,50,50,50,1
311,4000,3000,50,50,50,1
312,5000,3000,50,50,50,1
313,6000,3000,50,50,50,1
314,7000,3000,50,50,50,1
315,8000,3000,50,50,50,1
316,9000,3000,50,50,50,1
317,10000,3000,50,50,50,1
318,11000,3000,50,50,50,1
319,12000,3000,50,50,50,1
320,13000,3000,50,50,50,1
321,14000,3000,50,50,50,1
322,15000,3000,50,50,50,1
323,16000,3000,50,50,50,1
324,17000,3000,50,50,50,1
325,18000,3000,50,50,50,1
326,19000,3000,50,50,50,1
327,20000,3000,50,50,50,1
328,21000,3000,50,50,50,1
329,22000,3000,50,50,50,1
330,23000,3000,50,50,50,1
331,24000,3000,50,50,50,1
332,25000,3000,50,50,50,1
333,26000,3000,50,50,50,1
334,27000,3000,50,50,50,1
335,28000,3000,50,50,50,1
336,29000,3000,50,50,50,1
337,30000,3000,50,50,50,1
338,31000,3000,50,50,50,1
339,32000,3000,50,50,50,1
340,33000,3000,50,50,50,1
341,34000,3000,50,50,50,1
342,35000,3000,50,50,50,1
343,36000,3000,50,50,50,1
344,37000,3000,50,50,50,1
345,38000,3000,50,50,50,1
346,39000,3000,50,50,50,1
347,40000,3000,50,50,50,1
348,41000,3000,50,50,50,1
349,42000,3000,50,50,50,1
350,43000,3000,50,50,50,1
351,44000,3000,50,50,50,1
352,45000,3000,50,50,50,1
353,46000,3000,50,50,50,1
354,47000,3000,50,50,50,1
355,48000,3000,50,50,50,1
356,49000,3000,50,50,50,1
357,50000,3000,50,50,50,1
358,4000,4000,50,50,50,1
359,5000,4000,50,50,50,1
360,6000,4000,50,50,50,1
361,7000,4000,50,50,50,1
362,8000,4000,50,50,50,1
363,9000,4000,50,50,50,1
364,10000,4000,50,50,50,1
365,11000,4000,50,50,50,1
366,12000,4000,50,50,50,1
367,13000,4000,50,50,50,1
368,14000,4000,50,50,50,1
369,15000,4000,50,50,50,1
370,16000,4000,50,50,50,1
371,17000,4000,50,50,50,1
372,18000,4000,50,50,50,1
373,19000,4000,50,50,50,1
374,20000,4000,50,50,50,1
375,21000,4000,50,50,50,1
376,22000,4000,50,50,50,1
377,23000,4000,50,50,50,1
378,24000,4000,50,50,50,1
379,25000,4000,50,50,50,1
380,26000,4000,50,50,50,1
381,27000,4000,50,50,50,1
382,28000,4000,50,50,50,1
383,29000,4000,50,50,50,1
384,30000,4000,50,50,50,1
385,31000,4000,50,50,50,1
386,32000,4000,50,50,50,1
387,33000,4000,50,50,50,1
388,34000,4000,50,50,50,1
389,35000,4000,50,50,50,1
390,36000,4000,50,50,50,1
391,37000,4000,50,50,50,1
392,38000,4000,50,50,50,1
393,39000,4000,50,50,50,1
394,40000,4000,50,50,50,1
395,41000,4000,50,50,50,1
396,42000,4000,50,50,50,1
397,43000,4000,50,50,50,1
398,44000,4000,50,50,50,1
399,45000,4000,50,50,50,1
400,46000,4000,50,50,50,1
401,47000,4000,50,50,50,1
402,48000,4000,50,50,50,1
403,49000,4000,50,50,50,1
404,50000,4000,50,50,50,1
405,5000,5000,50,50,50,1
406,6000,5000,50,50,50,1
407,7000,5000,50,50,50,1
408,8000,5000,50,50,50,1
409,9000,5000,50,50,50,1
410,10000,5000,50,50,50,1
411,11000,5000,50,50,50,1
412,12000,5000,50,50,50,1
413,13000,5000,50,50,50,1
414,14000,5000,50,50,50,1
415,15000,5000,50,50,50,1
416,16000,5000,50,50,50,1
417,17000,5000,50,50,50,1
418,18000,5000,50,50,50,1
419,19000,5000,50,50,50,1
420,20000,5000,50,50,50,1
421,21000,5000,50,50,50,1
422,22000,5000,50,50,50,1
423,23000,5000,50,50,50,1
424,24000,5000,50,50,50,1
425,25000,5000,50,50,50,1
426,26000,5000,50,50,50,1
427,27000,5000,50,50,50,1
428,28000,5000,50,50,50,1
429,29000,5000,50,50,50,1
430,30000,5000,50,50,50,1
431,31000,5000,50,50,50,1
432,32000,5000,50,50,50,1
433,33000,5000,50,50,50,1
434,34000,5000,50,50,50,1
435,35000,5000,50,50,50,1
436,36000,5000,50,50,50,1
437,37000,5000,50,50,50,1
438,38000,5000,50,50,50,1
439,39000,5000,50,50,50,1
440,40000,5000,50,50,50,1
441,41000,5000,50,50,50,1
442,42000,5000,50,50,50,1
443,43000,5000,50,50,50,1
444,44000,5000,50,50,50,1
445,45000,5000,50,50,50,1
446,46000,5000,50,50,50,1
447,47000,5000,50,50,50,1
448,48000,5000,50,50,50,1
449,49000,5000,50,50,50,1
450,50000,5000,50,50,50,1
451,6000,6000,50,50,50,1
452,7000,6000,50,50,50,1
453,8000,6000,50,50,50,1
454,9000,6000,50,50,50,1
455,10000,6000,50,50,50,1
456,11000,6000,50,50,50,1
457,12000,6000,50,50,50,1
458,13000,6000,50,50,50,1
459,14000,6000,50,50,50,1
460,15000,6000,50,50,50,1
461,16000,6000,50,50,50,1
462,17000,6000,50,50,50,1
463,18000,6000,50,50,50,1
464,19000,6000,50,50,50,1
465,20000,6000,50,50,50,1
466,21000,6000,50,50,50,1
467,22000,6000,50,50,50,1
468,23000,6000,50,50,50,1
469,24000,6000,50,50,50,1
470,25000,6000,50,50,50,1
471,26000,6000,50,50,50,1
472,27000,6000,50,50,50,1
473,28000,6000,50,50,50,1
474,29000,6000,50,50,50,1
475,30000,6000,50,50,50,1
476,31000,6000,50,50,50,1
477,32000,6000,50,50,50,1
478,33000,6000,50,50,50,1
479,34000,6000,50,50,50,1
480,35000,6000,50,50,50,1
481,36000,6000,50,50,50,1
482,37000,6000,50,50,50,1
483,38000,6000,50,50,50,1
484,39000,6000,50,50,50,1
485,40000,6000,50,50,50,1
486,41000,6000,50,50,50,1
487,42000,6000,50,50,50,1
488,43000,6000,50,50,50,1
489,44000,6000,50,50,50,1
490,45000,6000,50,50,50,1
491,46000,6000,50,50,50,1
492,47000,6000,50,50,50,1
493,48000,6000,50,50,50,1
494,49000,6000,50,50,50,1
495,50000,6000,50,50,50,1
496,7000,7000,50,50,50,1
497,8000,7000,50,50,50,1
498,9000,7000,50,50,50,1
499,10000,7000,50,50,50,1
500,11000,7000,50,50,50,1
501,12000,7000,50,50,50,1
502,13000,7000,50,50,50,1
503,14000,7000,50,50,50,1
504,15000,7000,50,50,50,1
505,16000,7000,50,50,50,1
506,17000,7000,50,50,50,1
507,18000,7000,50,50,50,1
508,19000,7000,50,50,50,1
509,20000,7000,50,50,50,1
510,21000,7000,50,50,50,1
511,22000,7000,50,50,50,1
512,23000,7000,50,50,50,1
513,24000,7000,50,50,50,1
514,25000,7000,50,50,50,1
515,26000,7000,50,50,50,1
516,27000,7000,50,50,50,1
517,28000,7000,50,50,50,1
518,29000,7000,50,50,50,1
519,30000,7000,50,50,50,1
520,31000,7000,50,50,50,1
521,32000,7000,50,50,50,1
522,33000,7000,50,50,50,1
523,34000,7000,50,50,50,1
524,35000,7000,50,50,50,1
525,36000,7000,50,50,50,1
526,37000,7000,50,50,50,1
527,38000,7000,50,50,50,1
528,39000,7000,50,50,50,1
529,40000,7000,50,50,50,1
530,41000,7000,50,50,50,1
531,42000,7000,50,50,50,1
532,43000,7000,50,50,50,1
533,44000,7000,50,50,50,1
534,45000,7000,50,50,50,1
535,46000,7000,50,50,50,1
536,47000,7000,50,50,50,1
537,48000,7000,50,50,50,1
538,49000,7000,50,50,50,1
539,50000,7000,50,50,50,1
540,8000,8000,50,50,50,1
541,9000,8000,50,50,50,1
542,10000,8000,50,50,50,1
543,11000,8000,50,50,50,1
544,12000,8000,50,50,50,1
545,13000,8000,50,50,50,1
546,14000,8000,50,50,50,1
547,15000,8000,50,50,50,1
548,16000,8000,50,50,50,1
549,17000,8000,50,50,50,1
550,18000,8000,50,50,50,1
551,19000,8000,50,50,50,1
552,20000,8000,50,50,50,1
553,21000,8000,50,50,50,1
554,22000,8000,50,50,50,1
555,23000,8000,50,50,50,1
556,24000,8000,50,50,50,1
557,25000,8000,50,50,50,1
558,26000,8000,50,50,50,1
559,27000,8000,50,50,50,1
560,28000,8000,50,50,50,1
561,29000,8000,50,50,50,1
562,30000,8000,50,50,50,1
563,31000,8000,50,50,50,1
564,32000,8000,50,50,50,1
565,33000,8000,50,50,50,1
566,34000,8000,50,50,50,1
567,35000,8000,50,50,50,1
568,36000,8000,50,50,50,1
569,37000,8000,50,50,50,1
570,38000,8000,50,50,50,1
571,39000,8000,50,50,50,1
572,40000,8000,50,50,50,1
573,41000,8000,50,50,50,1
574,42000,8000,50,50,50,1
575,43000,8000,50,50,50,1
576,44000,8000,50,50,50,1
577,45000,8000,50,50,50,1
578,46000,8000,50,50,50,1
579,47000,8000,50,50,50,1
580,48000,8000,50,50,50,1
581,49000,8000,50,50,50,1
582,50000,8000,50,50,50,1
583,9000,9000,50,50,50,1
584,10000,9000,50,50,50,1
585,11000,9000,50,50,50,1
586,12000,9000,50,50,50,1
587,13000,9000,50,50,50,1
588,14000,9000,50,50,50,1
589,15000,9000,50,50,50,1
590,16000,9000,50,50,50,1
591,17000,9000,50,50,50,1
592,18000,9000,50,50,50,1
593,19000,9000,50,50,50,1
594,20000,9000,50,50,50,1
595,21000,9000,50,50,50,1
596,22000,9000,50,50,50,1
597,23000,9000,50,50,50,1
598,24000,9000,50,50,50,1
599,25000,9000,50,50,50,1
600,26000,9000,50,50,50,1
601,27000,9000,50,50,50,1
602,28000,9000,50,50,50,1
603,29000,9000,50,50,50,1
604,30000,9000,50,50,50,1
605,31000,9000,50,50,50,1
606,32000,9000,50,50,50,1
607,33000,9000,50,50,50,1
608,34000,9000,50,50,50,1
609,35000,9000,50,50,50,1
610,36000,9000,50,50,50,1
611,37000,9000,50,50,50,1
612,38000,9000,50,50,50,1
613,39000,9000,50,50,50,1
614,40000,9000,50,50,50,1
615,41000,9000,50,50,50,1
616,42000,9000,50,50,50,1
617,43000,9000,50,50,50,1
618,44000,9000,50,50,50,1
619,45000,9000,50,50,50,1
620,46000,9000,50,50,50,1
621,47000,9000,50,50,50,1
622,48000,9000,50,50,50,1
623,49000,9000,50,50,50,1
624,50000,9000,50,50,50,1
625,10000,10000,50,50,50,1
626,11000,10000,50,50,50,1
627,12000,10000,50,50,50,1
628,13000,10000,50,50,50,1
629,14000,10000,50,50,50,1
630,15000,10000,50,50,50,1
631,16000,10000,50,50,50,1
632,17000,10000,50,50,50,1
633,18000,10000,50,50,50,1
634,19000,10000,50,50,50,1
635,20000,10000,50,50,50,1
636,21000,10000,50,50,50,1
637,22000,10000,50,50,50,1
638,23000,10000,50,50,50,1
639,24000,10000,50,50,50,1
640,25000,10000,50,50,50,1
641,26000,10000,50,50,50,1
642,27000,10000,50,50,50,1
643,28000,10000,50,50,50,1
644,29000,10000,50,50,50,1
645,30000,10000,50,50,50,1
646,31000,10000,50,50,50,1
647,32000,10000,50,50,50,1
648,33000,10000,50,50,50,1
649,34000,10000,50,50,50,1
650,35000,10000,50,50,50,1
651,36000,10000,50,50,50,1
652,37000,10000,50,50,50,1
653,38000,10000,50,50,50,1
654,39000,10000,50,50,50,1
655,40000,10000,50,50,50,1
656,41000,10000,50,50,50,1
657,42000,10000,50,50,50,1
658,43000,10000,50,50,50,1
659,44000,10000,50,50,50,1
660,45000,10000,50,50,50,1
661,46000,10000,50,50,50,1
662,47000,10000,50,50,50,1
663,48000,10000,50,50,50,1
664,49000,10000,50,50,50,1
665,50000,10000,50,50,50,1
666,11000,11000,50,50,50,1
667,12000,11000,50,50,50,1
668,13000,11000,50,50,50,1
669,14000,11000,50,50,50,1
670,15000,11000,50,50,50,1
671,16000,11000,50,50,50,1
672,17000,11000,50,50,50,1
673,18000,11000,50,50,50,1
674,19000,11000,50,50,50,1
675,20000,11000,50,50,50,1
676,21000,11000,50,50,50,1
677,22000,11000,50,50,50,1
678,23000,11000,50,50,50,1
679,24000,11000,50,50,50,1
680,25000,11000,50,50,50,1
681,26000,11000,50,50,50,1
682,27000,11000,50,50,50,1
683,28000,11000,50,50,50,1
684,29000,11000,50,50,50,1
685,30000,11000,50,50,50,1
686,31000,11000,50,50,50,1
687,32000,11000,50,50,50,1
688,33000,11000,50,50,50,1
689,34000,11000,50,50,50,1
690,35000,11000,50,50,50,1
691,36000,11000,50,50,50,1
692,37000,11000,50,50,50,1
693,38000,11000,50,50,50,1
694,39000,11000,50,50,50,1
695,40000,11000,50,50,50,1
696,41000,11000,50,50,50,1
697,42000,11000,50,50,50,1
698,43000,11000,50,50,50,1
699,44000,11000,50,50,50,1
700,45000,11000,50,50,50,1
701,46000,11000,50,50,50,1
702,47000,11000,50,50,50,1
703,48000,11000,50,50,50,1
704,49000,11000,50,50,50,1
705,50000,11000,50,50,50,1
706,12000,12000,50,50,50,1
707,13000,12000,50,50,50,1
708,14000,12000,50,50,50,1
709,15000,12000,50,50,50,1
710,16000,12000,50,50,50,1
711,17000,12000,50,50,50,1
712,18000,12000,50,50,50,1
713,19000,12000,50,50,50,1
714,20000,12000,50,50,50,1
715,21000,12000,50,50,50,1
716,22000,12000,50,50,50,1
717,23000,12000,50,50,50,1
718,24000,12000,50,50,50,1
719,25000,12000,50,50,50,1
720,26000,12000,50,50,50,1
721,27000,12000,50,50,50,1
722,28000,12000,50,50,50,1
723,29000,12000,50,50,50,1
724,30000,12000,50,50,50,1
725,31000,12000,50,50,50,1
726,32000,12000,50,50,50,1
727,33000,12000,50,50,50,1
728,34000,12000,50,50,50,1
729,35000,12000,50,50,50,1
730,36000,12000,50,50,50,1
731,37000,12000,50,50,50,1
732,38000,12000,50,50,50,1
733,39000,12000,50,50,50,1
734,40000,12000,50,50,50,1
735,41000,12000,50,50,50,1
736,42000,12000,50,50,50,1
737,43000,12000,50,50,50,1
738,44000,12000,50,50,50,1
739,45000,12000,50,50,50,1
740,46000,12000,50,50,50,1
741,47000,12000,50,50,50,1
742,48000,12000,50,50,50,1
743,49000,12000,50,50,50,1
744,50000,12000,50,50,50,1
745,13000,13000,50,50,50,1
746,14000,13000,50,50,50,1
747,15000,13000,50,50,50,1
748,16000,13000,50,50,50,1
749,17000,13000,50,50,50,1
750,18000,13000,50,50,50,1
751,19000,13000,50,50,50,1
752,20000,13000,50,50,50,1
753,21000,13000,50,50,50,1
754,22000,13000,50,50,50,1
755,23000,13000,50,50,50,1
756,24000,13000,50,50,50,1
757,25000,13000,50,50,50,1
758,26000,13000,50,50,50,1
759,27000,13000,50,50,50,1
760,28000,13000,50,50,50,1
761,29000,13000,50,50,50,1
762,30000,13000,50,50,50,1
763,31000,13000,50,50,50,1
764,32000,13000,50,50,50,1
765,33000,13000,50,50,50,1
766,34000,13000,50,50,50,1
767,35000,13000,50,50,50,1
768,36000,13000,50,50,50,1
769,37000,13000,50,50,50,1
770,38000,13000,50,50,50,1
771,39000,13000,50,50,50,1
772,40000,13000,50,50,50,1
773,41000,13000,50,50,50,1
774,42000,13000,50,50,50,1
775,43000,13000,50,50,50,1
776,44000,13000,50,50,50,1
777,45000,13000,50,50,50,1
778,46000,13000,50,50,50,1
779,47000,13000,50,50,50,1
780,48000,13000,50,50,50,1
781,49000,13000,50,50,50,1
782,50000,13000,50,50,50,1
783,14000,14000,50,50,50,1
784,15000,14000,50,50,50,1
785,16000,14000,50,50,50,1
786,17000,14000,50,50,50,1
787,18000,14000,50,50,50,1
788,19000,14000,50,50,50,1
789,20000,14000,50,50,50,1
790,21000,14000,50,50,50,1
791,22000,14000,50,50,50,1
792,23000,14000,50,50,50,1
793,24000,14000,50,50,50,1
794,25000,14000,50,50,50,1
795,26000,14000,50,50,50,1
796,27000,14000,50,50,50,1
797,28000,14000,50,50,50,1
798,29000,14000,50,50,50,1
799,30000,14000,50,50,50,1
800,31000,14000,50,50,50,1
801,32000,14000,50,50,50,1
802,33000,14000,50,50,50,1
803,34000,14000,50,50,50,1
804,35000,14000,50,50,50,1
805,36000,14000,50,50,50,1
806,37000,14000,50,50,50,1
807,38000,14000,50,50,50,1
808,39000,14000,50,50,50,1
809,40000,14000,50,50,50,1
810,41000,14000,50,50,50,1
811,42000,14000,50,50,50,1
812,43000,14000,50,50,50,1
813,44000,14000,50,50,50,1
814,45000,14000,50,50,50,1
815,46000,14000,50,50,50,1
816,47000,14000,50,50,50,1
817,48000,14000,50,50,50,1
818,49000,14000,50,50,50,1
819,50000,14000,50,50,50,1
820,15000,15000,50,50,50,1
821,16000,15000,50,50,50,1
822,17000,15000,50,50,50,1
823,18000,15000,50,50,50,1
824,19000,15000,50,50,50,1
825,20000,15000,50,50,50,1
826,21000,15000,50,50,50,1
827,22000,15000,50,50,50,1
828,23000,15000,50,50,50,1
829,24000,15000,50,50,50,1
830,25000,15000,50,50,50,1
831,26000,15000,50,50,50,1
832,27000,15000,50,50,50,1
833,28000,15000,50,50,50,1
834,29000,15000,50,50,50,1
835,30000,15000,50,50,50,1
836,31000,15000,50,50,50,1
837,32000,15000,50,50,50,1
838,33000,15000,50,50,50,1
839,34000,15000,50,50,50,1
840,35000,15000,50,50,50,1
841,36000,15000,50,50,50,1
842,37000,15000,50,50,50,1
843,38000,15000,50,50,50,1
844,39000,15000,50,50,50,1
845,40000,15000,50,50,50,1
846,41000,15000,50,50,50,1
847,42000,15000,50,50,50,1
848,43000,15000,50,50,50,1
849,44000,15000,50,50,50,1
850,45000,15000,50,50,50,1
851,46000,15000,50,50,50,1
852,47000,15000,50,50,50,1
853,48000,15000,50,50,50,1
854,49000,15000,50,50,50,1
855,50000,15000,50,50,50,1
856,16000,16000,50,50,50,1
857,17000,16000,50,50,50,1
858,18000,16000,50,50,50,1
859,19000,16000,50,50,50,1
860,20000,16000,50,50,50,1
861,21000,16000,50,50,50,1
862,22000,16000,50,50,50,1
863,23000,16000,50,50,50,1
864,24000,16000,50,50,50,1
865,25000,16000,50,50,50,1
866,26000,16000,50,50,50,1
867,27000,16000,50,50,50,1
868,28000,16000,50,50,50,1
869,29000,16000,50,50,50,1
870,30000,16000,50,50,50,1
871,31000,16000,50,50,50,1
872,32000,16000,50,50,50,1
873,33000,16000,50,50,50,1
874,34000,16000,50,50,50,1
875,35000,16000,50,50,50,1
876,36000,16000,50,50,50,1
877,37000,16000,50,50,50,1
878,38000,16000,50,50,50,1
879,39000,16000,50,50,50,1
880,40000,16000,50,50,50,1
881,41000,16000,50,50,50,1
882,42000,16000,50,50,50,1
883,43000,16000,50,50,50,1
884,44000,16000,50,50,50,1
885,45000,16000,50,50,50,1
886,46000,16000,50,50,50,1
887,47000,16000,50,50,50,1
888,48000,16000,50,50,50,1
889,49000,16000,50,50,50,1
890,50000,16000,50,50,50,1
891,17000,17000,50,50,50,1
892,18000,17000,50,50,50,1
893,19000,17000,50,50,50,1
894,20000,17000,50,50,50,1
895,21000,17000,50,50,50,1
896,22000,17000,50,50,50,1
897,23000,17000,50,50,50,1
898,24000,17000,50,50,50,1
899,25000,17000,50,50,50,1
900,26000,17000,50,50,50,1
901,27000,17000,50,50,50,1
902,28000,17000,50,50,50,1
903,29000,17000,50,50,50,1
904,30000,17000,50,50,50,1
905,31000,17000,50,50,50,1
906,32000,17000,50,50,50,1
907,33000,17000,50,50,50,1
908,34000,17000,50,50,50,1
909,35000,17000,50,50,50,1
910,36000,17000,50,50,50,1
911,37000,17000,50,50,50,1
912,38000,17000,50,50,50,1
913,39000,17000,50,50,50,1
914,40000,17000,50,50,50,1
915,41000,17000,50,50,50,1
916,42000,17000,50,50,50,1
917,43000,17000,50,50,50,1
918,44000,17000,50,50,50,1
919,45000,17000,50,50,50,1
920,46000,17000,50,50,50,1
921,47000,17000,50,50,50,1
922,48000,17000,50,50,50,1
923,49000,17000,50,50,50,1
924,50000,17000,50,50,50,1
925,18000,18000,50,50,50,1
926,19000,18000,50,50,50,1
927,20000,18000,50,50,50,1
928,21000,18000,50,50,50,1
929,22000,18000,50,50,50,1
930,23000,18000,50,50,50,1
931,24000,18000,50,50,50,1
932,25000,18000,50,50,50,1
933,26000,18000,50,50,50,1
934,27000,18000,50,50,50,1
935,28000,18000,50,50,50,1
936,29000,18000,50,50,50,1
937,30000,18000,50,50,50,1
938,31000,18000,50,50,50,1
939,32000,18000,50,50,50,1
940,33000,18000,50,50,50,1
941,34000,18000,50,50,50,1
942,35000,18000,50,50,50,1
943,36000,18000,50,50,50,1
944,37000,18000,50,50,50,1
945,38000,18000,50,50,50,1
946,39000,18000,50,50,50,1
947,40000,18000,50,50,50,1
948,41000,18000,50,50,50,1
949,42000,18000,50,50,50,1
950,43000,18000,50,50,50,1
951,44000,18000,50,50,50,1
952,45000,18000,50,50,50,1
953,46000,18000,50,50,50,1
954,47000,18000,50,50,50,1
955,48000,18000,50,50,50,1
956,49000,18000,50,50,50,1
957,50000,18000,50,50,50,1
958,19000,19000,50,50,50,1
959,20000,19000,50,50,50,1
960,21000,19000,50,50,50,1
961,22000,19000,50,50,50,1
962,23000,19000,50,50,50,1
963,24000,19000,50,50,50,1
964,25000,19000,50,50,50,1
965,26000,19000,50,50,50,1
966,27000,19000,50,50,50,1
967,28000,19000,50,50,50,1
968,29000,19000,50,50,50,1
969,30000,19000,50,50,50,1
970,31000,19000,50,50,50,1
971,32000,19000,50,50,50,1
972,33000,19000,50,50,50,1
973,34000,19000,50,50,50,1
974,35000,19000,50,50,50,1
975,36000,19000,50,50,50,1
976,37000,19000,50,50,50,1
977,38000,19000,50,50,50,1
978,39000,19000,50,50,50,1
979,40000,19000,50,50,50,1
980,41000,19000,50,50,50,1
981,42000,19000,50,50,50,1
982,43000,19000,50,50,50,1
983,44000,19000,50,50,50,1
984,45000,19000,50,50,50,1
985,46000,19000,50,50,50,1
986,47000,19000,50,50,50,1
987,48000,19000,50,50,50,1
988,49000,19000,50,50,50,1
989,50000,19000,50,50,50,1
990,20000,20000,50,50,50,1
991,21000,20000,50,50,50,1
992,22000,20000,50,50,50,1
993,23000,20000,50,50,50,1
994,24000,20000,50,50,50,1
995,25000,20000,50,50,50,1
996,26000,20000,50,50,50,1
997,27000,20000,50,50,50,1
998,28000,20000,50,50,50,1
999,29000,20000,50,50,50,1
1000,30000,20000,50,50,50,1
1001,31000,20000,50,50,50,1
1002,32000,20000,50,50,50,1
1003,33000,20000,50,50,50,1
1004,34000,20000,50,50,50,1
1005,35000,20000,50,50,50,1
1006,36000,20000,50,50,50,1
1007,37000,20000,50,50,50,1
1008,38000,20000,50,50,50,1
1009,39000,20000,50,50,50,1
1010,40000,20000,50,50,50,1
1011,41000,20000,50,50,50,1
1012,42000,20000,50,50,50,1
1013,43000,20000,50,50,50,1
1014,44000,20000,50,50,50,1
1015,45000,20000,50,50,50,1
1016,46000,20000,50,50,50,1
1017,47000,20000,50,50,50,1
1018,48000,20000,50,50,50,1
1019,49000,20000,50,50,50,1
1020,50000,20000,50,50,50,1
1021,21000,21000,50,50,50,1
1022,22000,21000,50,50,50,1
1023,23000,21000,50,50,50,1
1024,24000,21000,50,50,50,1
1025,25000,21000,50,50,50,1
1026,26000,21000,50,50,50,1
1027,27000,21000,50,50,50,1
1028,28000,21000,50,50,50,1
1029,29000,21000,50,50,50,1
1030,30000,21000,50,50,50,1
1031,31000,21000,50,50,50,1
1032,32000,21000,50,50,50,1
1033,33000,21000,50,50,50,1
1034,34000,21000,50,50,50,1
1035,35000,21000,50,50,50,1
1036,36000,21000,50,50,50,1
1037,37000,21000,50,50,50,1
1038,38000,21000,50,50,50,1
1039,39000,21000,50,50,50,1
1040,40000,21000,50,50,50,1
1041,41000,21000,50,50,50,1
1042,42000,21000,50,50,50,1
1043,43000,21000,50,50,50,1
1044,44000,21000,50,50,50,1
1045,45000,21000,50,50,50,1
1046,46000,21000,50,50,50,1
1047,47000,21000,50,50,50,1
1048,48000,21000,50,50,50,1
1049,49000,21000,50,50,50,1
1050,50000,21000,50,50,50,1
1051,22000,22000,50,50,50,1
1052,23000,22000,50,50,50,1
1053,24000,22000,50,50,50,1
1054,25000,22000,50,50,50,1
1055,26000,22000,50,50,50,1
1056,27000,22000,50,50,50,1
1057,28000,22000,50,50,50,1
1058,29000,22000,50,50,50,1
1059,30000,22000,50,50,50,1
1060,31000,22000,50,50,50,1
1061,32000,22000,50,50,50,1
1062,33000,22000,50,50,50,1
1063,34000,22000,50,50,50,1
1064,35000,22000,50,50,50,1
1065,36000,22000,50,50,50,1
1066,37000,22000,50,50,50,1
1067,38000,22000,50,50,50,1
1068,39000,22000,50,50,50,1
1069,40000,22000,50,50,50,1
1070,41000,22000,50,50,50,1
1071,42000,22000,50,50,50,1
1072,43000,22000,50,50,50,1
1073,44000,22000,50,50,50,1
1074,45000,22000,50,50,50,1
1075,46000,22000,50,50,50,1
1076,47000,22000,50,50,50,1
1077,48000,22000,50,50,50,1
1078,49000,22000,50,50,50,1
1079,50000,22000,50,50,50,1
1080,23000,23000,50,50,50,1
1081,24000,23000,50,50,50,1
1082,25000,23000,50,50,50,1
1083,26000,23000,50,50,50,1
1084,27000,23000,50,50,50,1
1085,28000,23000,50,50,50,1
1086,29000,23000,50,50,50,1
1087,30000,23000,50,50,50,1
1088,31000,23000,50,50,50,1
1089,32000,23000,50,50,50,1
1090,33000,23000,50,50,50,1
1091,34000,23000,50,50,50,1
1092,35000,23000,50,50,50,1
1093,36000,23000,50,50,50,1
1094,37000,23000,50,50,50,1
1095,38000,23000,50,50,50,1
1096,39000,23000,50,50,50,1
1097,40000,23000,50,50,50,1
1098,41000,23000,50,50,50,1
1099,42000,23000,50,50,50,1
1100,43000,23000,50,50,50,1
1101,44000,23000,50,50,50,1
1102,45000,23000,50,50,50,1
1103,46000,23000,50,50,50,1
1104,47000,23000,50,50,50,1
1105,48000,23000,50,50,50,1
1106,49000,23000,50,50,50,1
1107,50000,23000,50,50,50,1
1108,24000,24000,50,50,50,1
1109,25000,24000,50,50,50,1
1110,26000,24000,50,50,50,1
1111,27000,24000,50,50,50,1
1112,28000,24000,50,50,50,1
1113,29000,24000,50,50,50,1
1114,30000,24000,50,50,50,1
1115,31000,24000,50,50,50,1
1116,32000,24000,50,50,50,1
1117,33000,24000,50,50,50,1
1118,34000,24000,50,50,50,1
1119,35000,24000,50,50,50,1
1120,36000,24000,50,50,50,1
1121,37000,24000,50,50,50,1
1122,38000,24000,50,50,50,1
1123,39000,24000,50,50,50,1
1124,40000,24000,50,50,50,1
1125,41000,24000,50,50,50,1
1126,42000,24000,50,50,50,1
1127,43000,24000,50,50,50,1
1128,44000,24000,50,50,50,1
1129,45000,24000,50,50,50,1
1130,46000,24000,50,50,50,1
1131,47000,24000,50,50,50,1
1132,48000,24000,50,50,50,1
1133,49000,24000,50,50,50,1
1134,50000,24000,50,50,50,1
1135,25000,25000,50,50,50,1
1136,26000,25000,50,50,50,1
1137,27000,25000,50,50,50,1
1138,28000,25000,50,50,50,1
1139,29000,25000,50,50,50,1
1140,30000,25000,50,50,50,1
1141,31000,25000,50,50,50,1
1142,32000,25000,50,50,50,1
1143,33000,25000,50,50,50,1
1144,34000,25000,50,50,50,1
1145,35000,25000,50,50,50,1
1146,36000,25000,50,50,50,1
1147,37000,25000,50,50,50,1
1148,38000,25000,50,50,50,1
1149,39000,25000,50,50,50,1
1150,40000,25000,50,50,50,1
1151,41000,25000,50,50,50,1
1152,42000,25000,50,50,50,1
1153,43000,25000,50,50,50,1
1154,44000,25000,50,50,50,1
1155,45000,25000,50,50,50,1
1156,46000,25000,50,50,50,1
1157,47000,25000,50,50,50,1
1158,48000,25000,50,50,50,1
1159,49000,25000,50,50,50,1
1160,50000,25000,50,50,50,1
1161,26000,26000,50,50,50,1
1162,27000,26000,50,50,50,1
1163,28000,26000,50,50,50,1
1164,29000,26000,50,50,50,1
1165,30000,26000,50,50,50,1
1166,31000,26000,50,50,50,1
1167,32000,26000,50,50,50,1
1168,33000,26000,50,50,50,1
1169,34000,26000,50,50,50,1
1170,35000,26000,50,50,50,1
1171,36000,26000,50,50,50,1
1172,37000,26000,50,50,50,1
1173,38000,26000,50,50,50,1
1174,39000,26000,50,50,50,1
1175,40000,26000,50,50,50,1
1176,41000,26000,50,50,50,1
1177,42000,26000,50,50,50,1
1178,43000,26000,50,50,50,1
1179,44000,26000,50,50,50,1
1180,45000,26000,50,50,50,1
1181,46000,26000,50,50,50,1
1182,47000,26000,50,50,50,1
1183,48000,26000,50,50,50,1
1184,49000,26000,50,50,50,1
1185,50000,26000,50,50,50,1
1186,27000,27000,50,50,50,1
1187,28000,27000,50,50,50,1
1188,29000,27000,50,50,50,1
1189,30000,27000,50,50,50,1
1190,31000,27000,50,50,50,1
1191,32000,27000,50,50,50,1
1192,33000,27000,50,50,50,1
1193,34000,27000,50,50,50,1
1194,35000,27000,50,50,50,1
1195,36000,27000,50,50,50,1
1196,37000,27000,50,50,50,1
1197,38000,27000,50,50,50,1
1198,39000,27000,50,50,50,1
1199,40000,27000,50,50,50,1
1200,41000,27000,50,50,50,1
1201,42000,27000,50,50,50,1
1202,43000,27000,50,50,50,1
1203,44000,27000,50,50,50,1
1204,45000,27000,50,50,50,1
1205,46000,27000,50,50,50,1
1206,47000,27000,50,50,50,1
1207,48000,27000,50,50,50,1
1208,49000,27000,50,50,50,1
1209,50000,27000,50,50,50,1
1210,28000,28000,50,50,50,1
1211,29000,28000,50,50,50,1
1212,30000,28000,50,50,50,1
1213,31000,28000,50,50,50,1
1214,32000,28000,50,50,50,1
1215,33000,28000,50,50,50,1
1216,34000,28000,50,50,50,1
1217,35000,28000,50,50,50,1
1218,36000,28000,50,50,50,1
1219,37000,28000,50,50,50,1
1220,38000,28000,50,50,50,1
1221,39000,28000,50,50,50,1
1222,40000,28000,50,50,50,1
1223,41000,28000,50,50,50,1
1224,42000,28000,50,50,50,1
1225,43000,28000,50,50,50,1
1226,44000,28000,50,50,50,1
1227,45000,28000,50,50,50,1
1228,46000,28000,50,50,50,1
1229,47000,28000,50,50,50,1
1230,48000,28000,50,50,50,1
1231,49000,28000,50,50,50,1
1232,50000,28000,50,50,50,1
1233,29000,29000,50,50,50,1
1234,30000,29000,50,50,50,1
1235,31000,29000,50,50,50,1
1236,32000,29000,50,50,50,1
1237,33000,29000,50,50,50,1
1238,34000,29000,50,50,50,1
1239,35000,29000,50,50,50,1
1240,36000,29000,50,50,50,1
1241,37000,29000,50,50,50,1
1242,38000,29000,50,50,50,1
1243,39000,29000,50,50,50,1
1244,40000,29000,50,50,50,1
1245,41000,29000,50,50,50,1
1246,42000,29000,50,50,50,1
1247,43000,29000,50,50,50,1
1248,44000,29000,50,50,50,1
1249,45000,29000,50,50,50,1
1250,46000,29000,50,50,50,1
1251,47000,29000,50,50,50,1
1252,48000,29000,50,50,50,1
1253,49000,29000,50,50,50,1
1254,50000,29000,50,50,50,1
1255,30000,30000,50,50,50,1
1256,31000,30000,50,50,50,1
1257,32000,30000,50,50,50,1
1258,33000,30000,50,50,50,1
1259,34000,30000,50,50,50,1
1260,35000,30000,50,50,50,1
1261,36000,30000,50,50,50,1
1262,37000,30000,50,50,50,1
1263,38000,30000,50,50,50,1
1264,39000,30000,50,50,50,1
1265,40000,30000,50,50,50,1
1266,41000,30000,50,50,50,1
1267,42000,30000,50,50,50,1
1268,43000,30000,50,50,50,1
1269,44000,30000,50,50,50,1
1270,45000,30000,50,50,50,1
1271,46000,30000,50,50,50,1
1272,47000,30000,50,50,50,1
1273,48000,30000,50,50,50,1
1274,49000,30000,50,50,50,1
1275,50000,30000,50,50,50,1
1276,31000,31000,50,50,50,1
1277,32000,31000,50,50,50,1
1278,33000,31000,50,50,50,1
1279,34000,31000,50,50,50,1
1280,35000,31000,50,50,50,1
1281,36000,31000,50,50,50,1
1282,37000,31000,50,50,50,1
1283,38000,31000,50,50,50,1
1284,39000,31000,50,50,50,1
1285,40000,31000,50,50,50,1
1286,41000,31000,50,50,50,1
1287,42000,31000,50,50,50,1
1288,43000,31000,50,50,50,1
1289,44000,31000,50,50,50,1
1290,45000,31000,50,50,50,1
1291,46000,31000,50,50,50,1
1292,47000,31000,50,50,50,1
1293,48000,31000,50,50,50,1
1294,49000,31000,50,50,50,1
1295,50000,31000,50,50,50,1
1296,32000,32000,50,50,50,1
1297,33000,32000,50,50,50,1
1298,34000,32000,50,50,50,1
1299,35000,32000,50,50,50,1
1300,36000,32000,50,50,50,1
1301,37000,32000,50,50,50,1
1302,38000,32000,50,50,50,1
1303,39000,32000,50,50,50,1
1304,40000,32000,50,50,50,1
1305,41000,32000,50,50,50,1
1306,42000,32000,50,50,50,1
1307,43000,32000,50,50,50,1
1308,44000,32000,50,50,50,1
1309,45000,32000,50,50,50,1
1310,46000,32000,50,50,50,1
1311,47000,32000,50,50,50,1
1312,48000,32000,50,50,50,1
1313,49000,32000,50,50,50,1
1314,50000,32000,50,50,50,1
1315,33000,33000,50,50,50,1
1316,34000,33000,50,50,50,1
1317,35000,33000,50,50,50,1
1318,36000,33000,50,50,50,1
1319,37000,33000,50,50,50,1
1320,38000,33000,50,50,50,1
1321,39000,33000,50,50,50,1
1322,40000,33000,50,50,50,1
1323,41000,33000,50,50,50,1
1324,42000,33000,50,50,50,1
1325,43000,33000,50,50,50,1
1326,44000,33000,50,50,50,1
1327,45000,33000,50,50,50,1
1328,46000,33000,50,50,50,1
1329,47000,33000,50,50,50,1
1330,48000,33000,50,50,50,1
1331,49000,33000,50,50,50,1
1332,50000,33000,50,50,50,1
1333,34000,34000,50,50,50,1
1334,35000,34000,50,50,50,1
1335,36000,34000,50,50,50,1
1336,37000,34000,50,50,50,1
1337,38000,34000,50,50,50,1
1338,39000,34000,50,50,50,1
1339,40000,34000,50,50,50,1
1340,41000,34000,50,50,50,1
1341,42000,34000,50,50,50,1
1342,43000,34000,50,50,50,1
1343,44000,34000,50,50,50,1
1344,45000,34000,50,50,50,1
1345,46000,34000,50,50,50,1
1346,47000,34000,50,50,50,1
1347,48000,34000,50,50,50,1
1348,49000,34000,50,50,50,1
1349,50000,34000,50,50,50,1
1350,35000,35000,50,50,50,1
1351,36000,35000,50,50,50,1
1352,37000,35000,50,50,50,1
1353,38000,35000,50,50,50,1
1354,39000,35000,50,50,50,1
1355,40000,35000,50,50,50,1
1356,41000,35000,50,50,50,1
1357,42000,35000,50,50,50,1
1358,43000,35000,50,50,50,1
1359,44000,35000,50,50,50,1
1360,45000,35000,50,50,50,1
1361,46000,35000,50,50,50,1
1362,47000,35000,50,50,50,1
1363,48000,35000,50,50,50,1
1364,49000,35000,50,50,50,1
1365,50000,35000,50,50,50,1
1366,36000,36000,50,50,50,1
1367,37000,36000,50,50,50,1
1368,38000,36000,50,50,50,1
1369,39000,36000,50,50,50,1
1370,40000,36000,50,50,50,1
1371,41000,36000,50,50,50,1
1372,42000,36000,50,50,50,1
1373,43000,36000,50,50,50,1
1374,44000,36000,50,50,50,1
1375,45000,36000,50,50,50,1
1376,46000,36000,50,50,50,1
1377,47000,36000,50,50,50,1
1378,48000,36000,50,50,50,1
1379,49000,36000,50,50,50,1
1380,50000,36000,50,50,50,1
1381,37000,37000,50,50,50,1
1382,38000,37000,50,50,50,1
1383,39000,37000,50,50,50,1
1384,40000,37000,50,50,50,1
1385,41000,37000,50,50,50,1
1386,42000,37000,50,50,50,1
1387,43000,37000,50,50,50,1
1388,44000,37000,50,50,50,1
1389,45000,37000,50,50,50,1
1390,46000,37000,50,50,50,1
1391,47000,37000,50,50,50,1
1392,48000,37000,50,50,50,1
1393,49000,37000,50,50,50,1
1394,50000,37000,50,50,50,1
1395,38000,38000,50,50,50,1
1396,39000,38000,50,50,50,1
1397,40000,38000,50,50,50,1
1398,41000,38000,50,50,50,1
1399,42000,38000,50,50,50,1
1400,43000,38000,50,50,50,1
1401,44000,38000,50,50,50,1
1402,45000,38000,50,50,50,1
1403,46000,38000,50,50,50,1
1404,47000,38000,50,50,50,1
1405,48000,38000,50,50,50,1
1406,49000,38000,50,50,50,1
1407,50000,38000,50,50,50,1
1408,39000,39000,50,50,50,1
1409,40000,39000,50,50,50,1
1410,41000,39000,50,50,50,1
1411,42000,39000,50,50,50,1
1412,43000,39000,50,50,50,1
1413,44000,39000,50,50,50,1
1414,45000,39000,50,50,50,1
1415,46000,39000,50,50,50,1
1416,47000,39000,50,50,50,1
1417,48000,39000,50,50,50,1
1418,49000,39000,50,50,50,1
1419,50000,39000,50,50,50,1
1420,40000,40000,50,50,50,1
1421,41000,40000,50,50,50,1
1422,42000,40000,50,50,50,1
1423,43000,40000,50,50,50,1
1424,44000,40000,50,50,50,1
1425,45000,40000,50,50,50,1
1426,46000,40000,50,50,50,1
1427,47000,40000,50,50,50,1
1428,48000,40000,50,50,50,1
1429,49000,40000,50,50,50,1
1430,50000,40000,50,50,50,1
1431,41000,41000,50,50,50,1
1432,42000,41000,50,50,50,1
1433,43000,41000,50,50,50,1
1434,44000,41000,50,50,50,1
1435,45000,41000,50,50,50,1
1436,46000,41000,50,50,50,1
1437,47000,41000,50,50,50,1
1438,48000,41000,50,50,50,1
1439,49000,41000,50,50,50,1
1440,50000,41000,50,50,50,1
1441,42000,42000,50,50,50,1
1442,43000,42000,50,50,50,1
1443,44000,42000,50,50,50,1
1444,45000,42000,50,50,50,1
1445,46000,42000,50,50,50,1
1446,47000,42000,50,50,50,1
1447,48000,42000,50,50,50,1
1448,49000,42000,50,50,50,1
1449,50000,42000,50,50,50,1
1450,43000,43000,50,50,50,1
1451,44000,43000,50,50,50,1
1452,45000,43000,50,50,50,1
1453,46000,43000,50,50,50,1
1454,47000,43000,50,50,50,1
1455,48000,43000,50,50,50,1
1456,49000,43000,50,50,50,1
1457,50000,43000,50,50,50,1
1458,44000,44000,50,50,50,1
1459,45000,44000,50,50,50,1
1460,46000,44000,50,50,50,1
1461,47000,44000,50,50,50,1
1462,48000,44000,50,50,50,1
1463,49000,44000,50,50,50,1
1464,50000,44000,50,50,50,1
1465,45000,45000,50,50,50,1
1466,46000,45000,50,50,50,1
1467,47000,45000,50,50,50,1
1468,48000,45000,50,50,50,1
1469,49000,45000,50,50,50,1
1470,50000,45000,50,50,50,1
1471,46000,46000,50,50,50,1
1472,47000,46000,50,50,50,1
1473,48000,46000,50,50,50,1
1474,49000,46000,50,50,50,1
1475,50000,46000,50,50,50,1
1476,47000,47000,50,50,50,1
1477,48000,47000,50,50,50,1
1478,49000,47000,50,50,50,1
1479,50000,47000,50,50,50,1
1480,48000,48000,50,50,50,1
1481,49000,48000,50,50,50,1
1482,50000,48000,50,50,50,1
1483,49000,49000,50,50,50,1
1484,50000,49000,50,50,50,1
1485,50000,50000,50,50,50,1
